Sequence	Annotation	Library_01	Library_02	Library_09	Library_10	Library_17	Library_18	Library_25	Library_26	Library_33	Library_34	Library_03	Library_04	Library_11	Library_12	Library_19	Library_20	Library_27	Library_28	Library_35	Library_36
URS0000019E12_10116:rRNA:Rattus_norvegicus	12S-rRNA	1196	2394	2390	886	7586	2225	2402	820	186	865	785	3698	940	2669	743	456	3076	4129	818	910
URS00000351A9_10116:rRNA:Rattus_norvegicus	16S-rRNA	36059	31348	37180	22505	50289	17998	48876	14899	3274	24151	23766	32837	37603	14439	28019	7369	31829	75404	27035	10384
URS00000382E0_10116:rRNA:Rattus_norvegicus	12S-rRNA	294	270	473	157	396	117	390	147	11	197	108	252	106	106	158	51	331	468	132	122
URS0000043A04_10116:rRNA:Rattus_norvegicus	NA	1060	2255	2127	774	7356	2150	2228	697	177	716	713	3544	848	2599	664	421	2883	3930	725	813
URS000005149C_10116:rRNA:Rattus_norvegicus	16S-rRNA	91045	79480	60097	37040	125693	32494	127908	26352	10649	60098	42513	58273	157718	22120	68963	13569	50295	211695	64608	24740
URS000006A105_10116:rRNA:Rattus_norvegicus	16S-rRNA	35872	31125	37168	22443	49836	17872	48160	14881	3274	23926	23631	32649	37473	14414	27828	7344	31809	74198	26874	10272
URS0000070986_10116:rRNA:Rattus_norvegicus	NA	1087	963	1643	858	2382	1762	2773	2042	627	1405	577	2134	3609	2611	5717	3130	2762	3754	3683	3640
URS00000C0F0F_10116:rRNA:Rattus_norvegicus	NA	15	8	19	4	5	8	11	2	8	3	3	12	3	9	21	6	16	8	20	6
URS00000C930E_10116:rRNA:Rattus_norvegicus	NA	315	274	481	170	400	118	452	151	11	202	113	260	118	107	162	54	340	484	134	125
URS00000EB250_10116:rRNA:Rattus_norvegicus	5S-rRNA	118	15	68	18	29	33	56	55	4	30	25	98	46	77	137	23	115	97	197	27
URS00000F446C_10116:rRNA:Rattus_norvegicus	NA	3	2	12	1	1	2	4	2	0	1	1	9	2	4	18	6	7	6	8	8
URS00000F8D11_10116:rRNA:Rattus_norvegicus	18S-rRNA	17	10	18	7	13	7	5	23	4	4	6	23	42	28	39	11	19	21	18	11
URS00000F9D45_10116:rRNA:Rattus_norvegicus	NA	1242	1662	1907	1227	1943	924	1536	1267	118	903	957	4831	1890	3987	4521	1629	2853	3493	2953	2144
URS0000114737_10116:rRNA:Rattus_norvegicus	16S-rRNA	82081	73472	45477	33020	115588	28370	117539	23675	10275	56690	39201	50208	154132	17867	63515	11873	39517	191937	59553	20951
URS0000121DBD_10116:rRNA:Rattus_norvegicus	NA	3	2	12	1	1	3	2	3	1	1	1	11	3	4	21	5	8	8	10	12
URS0000129B9F_10116:rRNA:Rattus_norvegicus	5S-rRNA	1290	1706	1936	1248	2033	940	1706	1294	125	946	989	4931	1992	4078	4639	1653	2906	3685	3046	2181
URS000012BFBF_10116:rRNA:Rattus_norvegicus	NA	621	548	1008	312	805	547	1210	739	170	475	261	1405	987	2879	2933	1023	998	2209	2197	1482
URS0000184DE3_10116:rRNA:Rattus_norvegicus	5S-rRNA	1302	1714	2026	1269	2045	986	1660	1309	118	942	1005	5031	1960	4074	4575	1668	2988	3648	3014	2162
URS00001AFCBA_10116:rRNA:Rattus_norvegicus	16S-rRNA	80803	72273	42516	31894	109816	26983	111904	22295	10110	54537	38227	48598	152373	16406	61331	11374	36729	185770	57734	20635
URS00001C1BDA_10116:rRNA:Rattus_norvegicus	28S-rRNA	212	117	366	194	480	272	846	371	188	108	140	455	857	1139	1022	387	375	1093	549	273
URS00001C66FD_10116:rRNA:Rattus_norvegicus	5S-rRNA	297	27	145	47	63	82	150	124	11	64	56	192	96	105	172	35	247	164	246	37
URS00001CAE00_10116:rRNA:Rattus_norvegicus	NA	770	340	1087	350	1021	709	1226	1452	246	552	301	1288	1836	1457	2307	992	1249	2060	1759	1281
URS00001CFD3C_10116:rRNA:Rattus_norvegicus	16S-rRNA	16318	13606	22162	9509	20258	7350	28537	5786	834	10168	7864	14820	8819	6865	9812	3130	16518	35640	10344	7061
URS00001D9CDD_10116:rRNA:Rattus_norvegicus	16S-rRNA	36031	31316	37187	22545	50201	17997	49201	14888	3276	24257	23728	32776	37628	14425	28013	7372	31836	74985	26929	10295
URS00001E528E_10116:rRNA:Rattus_norvegicus	NA	13184	9427	21774	7414	18839	8263	27237	6673	798	8114	6489	14425	9442	7887	10028	3665	16520	30679	10399	5621
URS00001F5E2D_10116:rRNA:Rattus_norvegicus	NA	1245	413	1694	379	945	709	1212	1398	225	677	293	1561	1614	1895	2971	973	1300	2121	1972	1506
URS0000233767_10116:rRNA:Rattus_norvegicus	18S-rRNA	300	118	363	134	293	338	622	116	60	245	93	436	240	644	775	500	332	804	961	686
URS0000246A92_10116:rRNA:Rattus_norvegicus	NA	138	88	246	53	122	50	108	278	61	63	65	534	235	1911	1420	359	270	473	722	335
URS0000252518_10116:rRNA:Rattus_norvegicus	16S-rRNA	68712	63803	22358	24560	94070	20548	79314	17314	9502	46987	32405	37610	146903	10113	54299	8693	21458	157999	50326	15061
URS00002E0D1E_10116:rRNA:Rattus_norvegicus	12S-rRNA	1001	1954	1911	718	5566	1711	1894	711	143	687	651	2943	817	2097	616	379	2262	2916	666	684
URS00002E5414_10116:rRNA:Rattus_norvegicus	12S-rRNA	1218	2397	2434	888	7609	2232	2480	825	187	872	787	3703	943	2672	749	457	3105	4213	821	917
URS0000315E21_10116:rRNA:Rattus_norvegicus	NA	1740	932	2679	1233	3075	2424	5728	4149	675	1844	1050	4127	5724	6088	9857	5116	3713	7192	5134	6567
URS000032987A_10116:rRNA:Rattus_norvegicus	NA	2	2	12	1	1	2	1	4	0	1	1	14	3	35	12	6	8	3	19	3
URS00003C1820_10116:rRNA:Rattus_norvegicus	12S-rRNA	1027	2265	2064	776	7288	2111	2130	727	177	737	694	3535	839	2560	633	413	2823	3767	705	835
URS00003E4DE0_10116:rRNA:Rattus_norvegicus	NA	8983	5805	16764	4273	13242	6473	11665	21640	3891	6801	4025	20872	24817	37701	59792	18262	17252	30862	29248	21645
URS00003ECA53_10116:rRNA:Rattus_norvegicus	NA	96	144	627	92	198	74	82	255	62	132	66	318	198	372	783	198	261	355	249	329
URS000040AC5B_10116:rRNA:Rattus_norvegicus	NA	660	574	1153	338	883	567	1211	880	282	559	264	1493	1079	3367	3260	1122	1079	2321	2423	1736
URS000041298D_10116:rRNA:Rattus_norvegicus	16S-rRNA	94112	82153	61673	38464	128427	33498	132299	26984	10803	61773	43897	60477	159013	22669	71192	14073	51848	217901	66611	25848
URS00004213B9_10116:rRNA:Rattus_norvegicus	NA	3641	2303	5279	1814	6063	3366	6219	8645	1280	2886	1637	7485	11084	11719	19851	7422	7367	11895	10972	8553
URS000042A8D3_10116:rRNA:Rattus_norvegicus	16S-rRNA	39516	33165	42607	24393	52684	19254	54710	15126	3344	25138	24867	35666	37288	15761	29110	7856	35920	82564	28705	11948
URS000042DA69_10116:rRNA:Rattus_norvegicus	12S-rRNA	294	270	473	157	396	117	390	147	11	197	108	252	106	106	158	51	331	468	132	122
URS0000430868_10116:rRNA:Rattus_norvegicus	NA	41680	35271	43007	25109	56188	20522	59819	16186	3610	27041	26100	37455	42668	15973	30909	8229	36292	90572	30794	13391
URS000043C9DC_10116:rRNA:Rattus_norvegicus	NA	13772	9582	22626	7720	19388	8358	29049	6070	768	8435	6746	14660	7840	8157	10231	3751	17245	32209	10698	5762
URS0000446A72_10116:rRNA:Rattus_norvegicus	12S-rRNA	1215	2396	2428	888	7609	2232	2480	825	187	872	787	3702	943	2672	749	457	3103	4212	821	916
URS000044CAB2_10116:rRNA:Rattus_norvegicus	NA	698	600	1178	348	889	585	1255	905	284	527	291	1632	1138	3671	3508	1180	1133	2421	2444	1671
URS000045493D_10116:rRNA:Rattus_norvegicus	NA	35887	31115	37177	22456	49867	17887	48361	14885	3274	23971	23639	32670	37555	14408	27830	7353	31833	74296	26900	10276
URS00004B2C76_10116:rRNA:Rattus_norvegicus	8S-rRNA	2592	1113	3598	1361	4728	3293	5517	6376	1007	2034	1119	5106	10620	8889	13858	5916	4817	12843	7390	10190
URS000050CFBE_10116:rRNA:Rattus_norvegicus	NA	68712	63803	22358	24560	94068	20548	79314	17314	9502	46987	32405	37610	146903	10113	54299	8693	21456	157999	50326	15061
URS000051C7BA_10116:rRNA:Rattus_norvegicus	NA	351	325	1530	266	704	233	335	1351	463	415	196	1171	856	2091	3312	854	849	1475	1583	1650
URS0000548AD6_10116:rRNA:Rattus_norvegicus	12S-rRNA	1215	2396	2428	888	7609	2232	2480	825	187	872	787	3702	943	2672	749	457	3103	4212	821	916
URS000055DB75_10116:rRNA:Rattus_norvegicus	18S-rRNA	6	2	12	1	4	4	15	4	1	2	1	9	2	2	15	3	10	14	9	10
URS0000563E48_10116:rRNA:Rattus_norvegicus	12S-rRNA	1354	2525	2597	930	7751	2267	2616	844	188	914	821	3796	954	2704	822	473	3213	4396	857	936
URS00005BED90_10116:rRNA:Rattus_norvegicus	12S-rRNA	1201	839	2030	689	1668	657	2012	793	68	756	556	1064	885	617	748	298	1405	2464	648	510
URS00005F96B4_10116:rRNA:Rattus_norvegicus	NA	342	134	416	146	341	370	726	171	68	262	102	485	349	711	906	539	390	952	1060	810
URS0000600634_10116:rRNA:Rattus_norvegicus	NA	2	0	11	0	9	2	0	29	3	10	0	19	35	126	78	31	17	18	80	28
URS0000623A69_10116:rRNA:Rattus_norvegicus	5S-rRNA	1	0	0	0	0	0	0	0	0	0	0	2	1	0	4	0	0	1	1	3
URS0000623B20_10116:rRNA:Rattus_norvegicus	5S-rRNA	1	1	0	2	0	0	0	2	0	0	0	2	0	4	2	0	1	8	0	3
URS000062BB09_10116:rRNA:Rattus_norvegicus	5S-rRNA	108	271	193	139	147	79	30	63	5	86	123	583	109	472	582	191	306	286	352	240
URS000062CBFC_10116:rRNA:Rattus_norvegicus	5S-rRNA	10	0	0	0	0	0	0	0	0	0	0	4	0	0	2	0	7	0	2	2
URS000062CFE8_10116:rRNA:Rattus_norvegicus	5S-rRNA	1	0	1	1	0	0	0	0	0	0	1	3	1	2	4	1	1	0	5	0
URS0000632A3B_10116:rRNA:Rattus_norvegicus	8S-rRNA	8	12	12	6	11	5	6	4	0	6	5	26	4	23	33	10	21	24	27	12
URS000063333F_10116:rRNA:Rattus_norvegicus	8S-rRNA	1	4	1	1	1	0	0	6	0	0	1	5	3	3	8	2	5	6	6	4
URS0000635CDE_10116:rRNA:Rattus_norvegicus	8S-rRNA	1	1	20	2	9	5	0	17	0	5	1	6	1	9	29	11	12	8	3	14
URS00006361DF_10116:rRNA:Rattus_norvegicus	8S-rRNA	12	17	24	7	16	9	10	19	0	11	5	44	14	34	69	16	35	43	51	23
URS000063BBCE_10116:rRNA:Rattus_norvegicus	5S-rRNA	5	0	2	1	8	2	1	10	0	4	3	4	28	5	14	7	2	22	9	4
URS000064027A_10116:rRNA:Rattus_norvegicus	5S-rRNA	221	399	462	244	438	187	233	212	15	176	200	998	337	1045	1253	424	634	748	708	512
URS00006406EA_10116:rRNA:Rattus_norvegicus	8S-rRNA	80	40	175	50	76	89	42	65	4	51	59	145	67	164	296	127	160	133	206	107
URS0000643B88_10116:rRNA:Rattus_norvegicus	5S-rRNA	3	0	2	0	0	0	0	0	0	0	0	0	0	0	0	0	0	0	2	0
URS0000647009_10116:rRNA:Rattus_norvegicus	5S-rRNA	4	4	2	4	4	0	3	0	0	2	0	4	7	6	7	5	7	11	3	2
URS0000648714_10116:rRNA:Rattus_norvegicus	8S-rRNA	0	0	5	0	1	1	0	2	0	1	0	2	1	2	8	2	3	3	2	3
URS000064B988_10116:rRNA:Rattus_norvegicus	5S-rRNA	220	401	461	244	438	187	233	212	15	176	200	998	333	1047	1260	424	635	748	708	512
URS0000655224_10116:rRNA:Rattus_norvegicus	5S-rRNA	3	4	4	2	2	1	2	1	0	1	1	10	1	12	18	4	7	4	11	4
URS000065F441_10116:rRNA:Rattus_norvegicus	5S-rRNA	4	0	0	0	0	0	2	1	0	0	0	4	2	1	8	0	0	1	1	0
URS00006600A3_10116:rRNA:Rattus_norvegicus	5S-rRNA	0	0	0	0	0	0	0	0	0	0	0	0	0	0	0	0	0	0	0	1
URS0000664B0F_10116:rRNA:Rattus_norvegicus	8S-rRNA	9	13	13	6	12	5	6	4	0	6	5	28	5	25	34	10	23	26	30	11
URS000066B264_10116:rRNA:Rattus_norvegicus	5S-rRNA	28	45	150	38	106	45	18	41	2	37	35	157	25	224	297	91	134	132	131	93
URS000066BFAD_10116:rRNA:Rattus_norvegicus	5S-rRNA	0	1	0	0	1	0	0	0	0	0	0	2	0	0	2	0	1	0	0	1
URS000066C2F6_10116:rRNA:Rattus_norvegicus	5S-rRNA	40	421	1121	114	291	124	171	249	12	50	90	290	502	179	308	157	542	807	1015	282
URS00006721F7_10116:rRNA:Rattus_norvegicus	8S-rRNA	4	8	7	4	4	3	3	1	0	2	3	18	4	16	16	4	15	13	16	8
URS00006747E1_10116:rRNA:Rattus_norvegicus	5S-rRNA	265	439	479	261	520	198	397	234	20	213	229	1070	435	1130	1361	448	679	932	795	542
URS0000675422_10116:rRNA:Rattus_norvegicus	5S-rRNA	3	0	2	0	5	0	0	0	0	0	0	0	0	8	5	0	2	4	3	3
URS0000678D83_10116:rRNA:Rattus_norvegicus	5S-rRNA	110	271	195	140	148	80	31	64	5	86	125	587	112	472	581	193	306	288	356	240
URS0000681EA5_10116:rRNA:Rattus_norvegicus	8S-rRNA	8	12	12	6	11	5	6	4	0	6	5	26	4	23	33	10	21	24	27	12
URS00006851EC_10116:rRNA:Rattus_norvegicus	5S-rRNA	3	0	0	0	2	0	2	0	0	0	0	0	0	0	4	0	0	0	0	1
URS0000688048_10116:rRNA:Rattus_norvegicus	5S-rRNA	27	45	147	36	107	45	17	40	2	37	36	150	25	218	291	88	136	128	126	92
URS000068BAC4_10116:rRNA:Rattus_norvegicus	8S-rRNA	0	0	5	0	1	1	0	2	0	1	0	2	1	2	8	2	3	2	2	3
URS000068DB7A_10116:rRNA:Rattus_norvegicus	8S-rRNA	1	1	1	1	1	0	0	1	0	0	0	2	5	5	1	0	2	2	3	0
URS000068E002_10116:rRNA:Rattus_norvegicus	8S-rRNA	59	23	134	42	52	80	21	27	4	30	48	101	47	117	204	98	115	84	157	67
URS000068E2EB_10116:rRNA:Rattus_norvegicus	8S-rRNA	9	12	11	6	11	4	6	3	0	6	5	28	4	23	35	9	23	29	27	14
URS00006937AE_10116:rRNA:Rattus_norvegicus	5S-rRNA	2	4	0	0	0	0	0	0	0	0	0	13	2	0	13	0	8	7	12	10
URS0000698146_10116:rRNA:Rattus_norvegicus	8S-rRNA	64	32	142	45	58	79	25	38	4	32	51	117	53	132	225	104	132	97	176	77
URS00006A2E5A_10116:rRNA:Rattus_norvegicus	5S-rRNA	4	1	0	0	2	0	3	2	0	0	0	9	6	7	11	1	2	10	5	1
URS00006A9618_10116:rRNA:Rattus_norvegicus	8S-rRNA	19	27	49	13	37	15	21	33	1	20	10	64	23	64	118	31	61	75	71	44
URS00006BEFCF_10116:rRNA:Rattus_norvegicus	5S-rRNA	7	10	106	19	71	31	2	27	1	23	19	74	5	104	166	50	86	78	38	43
URS00006C471C_10116:rRNA:Rattus_norvegicus	5S-rRNA	3	2	5	7	4	0	7	0	0	3	5	16	1	29	28	7	9	6	11	27
URS00006C6C27_10116:rRNA:Rattus_norvegicus	5S-rRNA	3	0	0	0	0	0	0	0	0	0	0	2	1	1	3	0	0	0	1	1
URS00006CE1FB_10116:rRNA:Rattus_norvegicus	8S-rRNA	1280	647	1874	794	2480	1737	2669	2998	393	840	631	2805	5355	5232	7912	3200	2674	7039	3624	5412
URS00006D2DB5_10116:rRNA:Rattus_norvegicus	8S-rRNA	1	1	2	1	5	1	0	9	0	2	0	6	3	3	9	0	5	10	3	5
URS00006D6599_10116:rRNA:Rattus_norvegicus	5S-rRNA	2	0	0	0	0	0	0	0	0	0	0	0	0	0	0	0	0	0	0	0
URS00006DD1E4_10116:rRNA:Rattus_norvegicus	5S-rRNA	220	398	461	244	438	187	233	212	15	176	200	998	333	1045	1253	424	634	748	708	512
URS00006E79BE_10116:rRNA:Rattus_norvegicus	8S-rRNA	2	4	8	2	2	3	1	1	0	1	2	10	3	7	9	2	10	7	12	4
URS00006E7A73_10116:rRNA:Rattus_norvegicus	5S-rRNA	43	68	175	52	140	54	46	48	3	47	47	231	53	317	392	123	175	193	193	130
URS00006EF96A_10116:rRNA:Rattus_norvegicus	5S-rRNA	165	297	373	183	324	145	172	139	10	130	153	760	244	802	949	302	497	550	558	373
URS00006F129F_10116:rRNA:Rattus_norvegicus	5S-rRNA	64	99	217	77	180	78	78	73	5	60	65	338	91	435	490	162	247	265	276	188
URS00006F51B2_10116:rRNA:Rattus_norvegicus	8S-rRNA	15	22	37	9	28	12	17	23	1	15	8	52	14	50	94	24	48	54	61	30
URS00006F76D3_10116:rRNA:Rattus_norvegicus	5S-rRNA	29	46	149	38	108	45	18	41	2	38	36	158	25	227	301	92	135	132	134	95
URS00007049D1_10116:rRNA:Rattus_norvegicus	8S-rRNA	0	1	21	2	8	5	0	17	0	5	1	6	1	9	28	11	11	6	4	15
URS0000706122_10116:rRNA:Rattus_norvegicus	5S-rRNA	9	3	4	2	3	4	2	3	0	1	2	16	4	10	14	3	11	11	18	3
URS0000709ED9_10116:rRNA:Rattus_norvegicus	5S-rRNA	1	0	0	0	0	0	0	0	0	0	0	0	0	3	1	0	0	0	1	0
URS000070B001_10116:rRNA:Rattus_norvegicus	5S-rRNA	7	10	106	19	71	31	2	27	1	23	19	74	5	99	167	50	86	80	38	43
URS0000713A83_10116:rRNA:Rattus_norvegicus	5S-rRNA	10	15	4	13	16	2	8	0	0	4	9	63	14	79	60	30	37	48	21	52
URS0000714871_10116:rRNA:Rattus_norvegicus	5S-rRNA	111	271	195	140	150	80	31	64	5	86	123	587	115	471	579	192	306	288	355	243
URS000072278E_10116:rRNA:Rattus_norvegicus	8S-rRNA	61	23	137	43	54	81	23	30	4	31	48	102	48	122	208	100	118	92	167	70
URS00007289C9_10116:rRNA:Rattus_norvegicus	8S-rRNA	5	11	9	5	5	3	3	6	0	2	4	22	5	18	23	6	17	19	21	11
URS000072D7A4_10116:rRNA:Rattus_norvegicus	5S-rRNA	28	48	148	38	116	47	18	43	2	37	41	172	30	229	311	91	155	156	139	96
URS000075E2C7_10116:rRNA:Rattus_norvegicus	NA	12626	7731	22206	6180	19570	10758	19239	29713	5343	9665	5575	28304	38059	51068	78735	26089	23981	47735	40276	34873
URS00007C4790_10116:rRNA:Rattus_norvegicus	12S-rRNA	917	641	1606	544	1498	637	1652	649	60	566	462	948	783	591	594	251	1169	2046	534	395
URS00007CBB77_10116:rRNA:Rattus_norvegicus	16S-rRNA	12151	8258	20921	6401	17287	7128	27167	5769	673	7216	5391	11500	7403	6631	9143	3023	15531	27594	9151	4475
URS00007CD0E6_10116:rRNA:Rattus_norvegicus	12S-rRNA	193	126	383	113	275	105	337	98	8	137	94	171	104	102	119	46	254	406	117	79
URS00007D4C97_10116:rRNA:Rattus_norvegicus	16S-rRNA	11882	8145	20448	6280	16962	7032	26759	5666	662	7092	5289	11304	7277	6524	8941	2967	15220	27032	8982	4402
URS00007D6E2A_10116:rRNA:Rattus_norvegicus	12S-rRNA	1060	2263	2134	774	7374	2153	2233	696	177	716	714	3553	848	2600	665	421	2890	3939	725	813
URS00007DD4C2_10116:rRNA:Rattus_norvegicus	16S-rRNA	22038	16767	30431	13141	28925	11719	46131	8595	1205	14294	10792	22218	12503	10579	14731	4921	24042	50861	15654	9273
URS00007E6FB4_10116:rRNA:Rattus_norvegicus	12S-rRNA	1060	2255	2126	774	7356	2150	2228	697	177	716	713	3544	848	2599	664	421	2883	3929	725	813
URS00007EFDFE_10116:rRNA:Rattus_norvegicus	12S-rRNA	874	585	1504	537	1255	522	1538	678	58	581	430	813	771	486	560	238	1050	1881	497	414
URS00007F72B6_10116:rRNA:Rattus_norvegicus	12S-rRNA	447	1946	1030	395	6406	1695	976	196	130	352	372	2967	174	2171	231	226	2092	2332	340	538
URS000080C7DD_10116:rRNA:Rattus_norvegicus	12S-rRNA	1062	710	1860	648	1525	622	1875	774	66	714	522	970	874	586	676	282	1295	2279	612	491
URS0000826BF9_10116:rRNA:Rattus_norvegicus	12S-rRNA	989	685	1726	600	1439	574	1750	731	63	640	474	911	851	540	631	257	1207	2132	563	446
URS00008C43AE_10116:rRNA:Rattus_norvegicus	NA	9	0	6	2	1	1	4	14	0	2	5	13	9	113	201	61	9	15	21	32
URS00008C4515_10116:rRNA:Rattus_norvegicus	NA	7	5	7	3	19	5	28	11	1	5	3	12	32	12	18	4	17	30	10	13
URS00008C45F1_10116:rRNA:Rattus_norvegicus	NA	1	0	1	0	0	0	0	0	0	3	0	1	0	2	6	1	0	4	0	4
URS00008C47B3_10116:rRNA:Rattus_norvegicus	NA	1	0	0	0	0	0	0	3	0	0	0	10	0	4	6	2	0	1	6	1
URS00008C529B_10116:rRNA:Rattus_norvegicus	NA	1	0	1	0	0	0	0	0	0	0	0	1	0	2	6	1	0	0	0	4
URS00008C52DA_10116:rRNA:Rattus_norvegicus	NA	9	0	6	2	1	1	4	14	0	2	5	13	9	113	201	61	9	15	21	32
URS00008C5677_10116:rRNA:Rattus_norvegicus	NA	2	1	3	0	3	1	0	1	0	0	0	2	0	1	2	0	0	0	2	1
URS00008C59CC_10116:rRNA:Rattus_norvegicus	NA	1	0	1	0	0	0	0	0	0	0	0	1	0	2	6	1	0	0	0	7
URS00008C5C0D_10116:rRNA:Rattus_norvegicus	NA	9	1	8	1	2	1	5	15	1	2	6	14	11	114	201	62	10	16	23	38
URS00008C6042_10116:rRNA:Rattus_norvegicus	NA	1	0	1	0	0	0	0	0	0	0	0	1	0	2	4	1	0	0	0	5
URS00008C6232_10116:rRNA:Rattus_norvegicus	NA	423	525	871	239	647	239	589	823	216	311	217	1305	815	3188	2840	707	857	1588	1490	932
URS00008C6266_10116:rRNA:Rattus_norvegicus	NA	8	1	10	0	4	4	0	7	0	3	0	7	2	7	16	6	3	3	7	16
URS00008C644C_10116:rRNA:Rattus_norvegicus	NA	9	14	38	4	26	3	12	36	12	4	9	94	16	568	524	119	91	93	216	121
URS00008C6A58_10116:rRNA:Rattus_norvegicus	NA	233	288	448	119	283	108	203	425	151	125	116	613	342	1757	1473	356	407	660	747	399
URS00008C723E_10116:rRNA:Rattus_norvegicus	NA	1	0	1	0	0	0	0	0	0	0	0	3	0	2	4	1	0	0	4	5
URS00008C7868_10116:rRNA:Rattus_norvegicus	NA	435	530	892	243	676	245	621	859	220	320	221	1322	862	3211	2887	715	881	1630	1514	957
URS00008C78CD_10116:rRNA:Rattus_norvegicus	NA	32	18	45	12	42	15	31	81	7	17	10	44	105	59	101	24	46	63	49	43
URS00008C7CF0_10116:rRNA:Rattus_norvegicus	NA	338	464	753	205	555	192	439	701	210	298	176	1060	656	2709	2399	602	703	1299	1323	866
URS00008C7F7F_10116:rRNA:Rattus_norvegicus	NA	32	18	45	12	42	15	31	81	7	17	10	44	105	59	101	24	46	63	49	43
URS00008C8501_10116:rRNA:Rattus_norvegicus	NA	5	9	7	3	17	5	14	18	1	4	2	14	33	13	17	3	14	21	10	10
URS00008C8B6E_10116:rRNA:Rattus_norvegicus	NA	1	0	1	0	0	0	0	0	0	0	0	1	0	2	4	1	0	0	0	4
URS00008C9565_10116:rRNA:Rattus_norvegicus	NA	7	5	7	3	19	5	25	11	1	5	3	12	32	12	17	4	16	28	10	12
URS00008C96FC_10116:rRNA:Rattus_norvegicus	NA	2	0	2	0	0	0	0	1	0	0	0	1	0	1	2	2	1	1	0	0
URS00008CA36B_10116:rRNA:Rattus_norvegicus	NA	640	520	2114	365	1045	548	882	1805	576	642	287	1794	1644	3316	4984	1444	1408	2462	2544	1846
URS00008CA49B_10116:rRNA:Rattus_norvegicus	NA	424	522	877	241	652	242	607	825	217	310	219	1308	811	3189	2833	704	870	1614	1493	944
URS00008CAA77_10116:rRNA:Rattus_norvegicus	NA	1013	774	3277	577	1545	691	1038	3003	749	999	458	2869	2573	6285	7609	2165	2179	3628	4336	2962
URS00008CAD43_10116:rRNA:Rattus_norvegicus	NA	2	1	5	0	3	3	0	4	10	0	0	7	3	6	5	6	3	2	6	11
URS00008CB01C_10116:rRNA:Rattus_norvegicus	NA	589	527	1945	337	972	515	801	1540	543	563	281	1732	1428	2974	4597	1334	1285	2317	2157	1709
URS00008CB13B_10116:rRNA:Rattus_norvegicus	NA	9	0	6	2	1	1	4	14	0	2	5	13	11	113	201	61	9	15	21	32
URS00008CB4B4_10116:rRNA:Rattus_norvegicus	NA	2	7	3	1	2	1	0	2	76	0	1	10	3	41	31	6	3	6	21	7
URS00008CB5BD_10116:rRNA:Rattus_norvegicus	NA	328	312	712	172	503	188	519	705	187	257	150	1064	675	2718	2475	613	698	1341	1331	822
URS00008CB810_10116:rRNA:Rattus_norvegicus	NA	418	520	880	237	650	245	609	843	216	320	216	1301	802	3182	2840	703	867	1615	1498	959
URS00008CBA26_10116:rRNA:Rattus_norvegicus	NA	0	1	8	0	3	3	2	3	0	0	2	7	2	6	3	4	5	5	6	10
URS00008CBDB7_10116:rRNA:Rattus_norvegicus	NA	609	540	2186	399	1018	510	826	1755	612	650	297	1818	1539	3336	5050	1457	1369	2445	2394	1953
URS00008CC199_10116:rRNA:Rattus_norvegicus	NA	664	598	2355	413	1141	586	924	1910	523	702	309	1997	1684	3834	5377	1585	1497	2705	2723	2128
URS00008CC51F_10116:rRNA:Rattus_norvegicus	NA	614	509	2018	347	1002	523	840	1704	558	596	274	1737	1545	3164	4808	1377	1354	2372	2384	1724
URS00008CC58A_10116:rRNA:Rattus_norvegicus	NA	413	505	843	227	612	230	558	827	208	289	212	1259	786	3127	2773	690	826	1502	1454	880
URS00008CD1C6_10116:rRNA:Rattus_norvegicus	NA	7	5	8	3	20	5	28	13	1	5	3	13	33	15	19	4	18	31	11	14
URS00008CD9AE_10116:rRNA:Rattus_norvegicus	NA	551	534	2039	339	937	479	640	1459	573	576	281	1709	1331	2838	4258	1195	1255	2044	2103	1685
URS00008CE58F_10116:rRNA:Rattus_norvegicus	NA	6	5	8	3	18	5	16	17	2	6	2	13	36	18	19	5	19	25	15	14
URS00008CE808_10116:rRNA:Rattus_norvegicus	NA	2	2	5	2	2	1	2	7	4	2	1	5	0	7	10	0	5	8	6	3
URS00008CF116_10116:rRNA:Rattus_norvegicus	NA	1	0	1	0	0	0	0	0	0	0	0	3	1	16	4	1	0	0	0	7
URS00008CF47F_10116:rRNA:Rattus_norvegicus	NA	357	469	779	217	577	202	485	727	214	294	182	1072	699	2735	2429	613	726	1332	1340	855
URS00008CF9CF_10116:rRNA:Rattus_norvegicus	NA	5	5	8	3	17	5	14	11	1	4	2	12	31	14	15	3	16	22	11	12
URS00008CFDE4_10116:rRNA:Rattus_norvegicus	NA	377	490	778	215	561	210	486	727	212	266	203	1198	712	3013	2646	660	758	1403	1345	806
URS00008D0477_10116:rRNA:Rattus_norvegicus	NA	7	5	8	3	20	5	28	13	1	5	3	13	33	15	19	4	18	31	11	14
URS00008D0F56_10116:rRNA:Rattus_norvegicus	NA	3955	2171	8117	1901	5799	2563	5302	11558	2404	2834	1823	9645	12371	19961	27880	8364	7458	14515	14662	10292
URS00008D0FAE_10116:rRNA:Rattus_norvegicus	NA	166	279	411	105	259	89	130	323	156	105	96	494	289	1245	1018	242	325	478	392	303
URS00008D1573_10116:rRNA:Rattus_norvegicus	NA	330	456	738	208	550	192	462	654	209	280	173	1039	621	2686	2340	592	692	1280	1297	821
URS00008D160B_10116:rRNA:Rattus_norvegicus	NA	2	1	5	0	3	3	0	4	10	0	0	7	3	6	5	6	3	2	6	11
URS00008D1DEC_10116:rRNA:Rattus_norvegicus	NA	439	530	902	245	670	248	620	880	221	321	223	1325	857	3218	2894	718	889	1642	1524	970
URS00008D1F6F_10116:rRNA:Rattus_norvegicus	NA	2	0	2	0	0	0	0	1	0	0	0	1	2	1	2	2	1	1	1	3
URS000090178B_10116:rRNA:Rattus_norvegicus	NA	1	0	0	0	0	0	0	0	2	0	0	1	0	2	2	1	1	1	1	0
URS0000902D09_10116:rRNA:Rattus_norvegicus	NA	54	77	128	36	93	46	26	41	4	29	39	136	94	106	213	45	130	146	167	47
URS0000909F75_10116:rRNA:Rattus_norvegicus	NA	0	0	0	0	0	0	0	0	0	0	0	0	0	5	3	0	0	0	3	0
URS000091179F_10116:rRNA:Rattus_norvegicus	NA	7098	5139	11749	3716	8236	3496	9175	3220	349	4014	3415	6724	4135	3500	4815	1638	8080	11965	4707	2437
URS0000914659_10116:rRNA:Rattus_norvegicus	NA	1	1	0	0	0	2	0	0	4	1	0	0	0	0	2	0	0	0	0	0
URS0000914707_10116:rRNA:Rattus_norvegicus	NA	6	3	3	3	2	4	0	2	0	0	4	10	5	4	2	3	7	0	0	2
URS00009173F1_10116:rRNA:Rattus_norvegicus	NA	5	8	8	1	2	2	1	7	3	0	1	19	3	59	36	8	3	17	8	12
URS0000919F5B_10116:rRNA:Rattus_norvegicus	NA	0	1	5	0	3	2	0	3	0	0	0	8	1	6	4	5	3	2	5	9
URS000091AE79_10116:rRNA:Rattus_norvegicus	NA	7	9	13	4	11	4	2	9	3	2	3	28	8	20	31	8	13	18	30	10
URS0000922651_10116:rRNA:Rattus_norvegicus	NA	2	2	5	2	2	1	2	7	4	2	1	5	0	7	13	0	5	8	6	3
URS000092A4E6_10116:rRNA:Rattus_norvegicus	NA	11	8	45	4	7	5	5	6	46	11	5	28	3	53	58	11	27	21	45	23
URS000092AD7A_10116:rRNA:Rattus_norvegicus	NA	2	0	2	0	0	0	0	0	0	0	0	1	0	1	1	0	0	0	0	0
URS00009365D8_10116:rRNA:Rattus_norvegicus	NA	1	2	0	1	4	1	0	0	0	2	1	1	0	2	1	0	1	0	0	0
URS0000937011_10116:rRNA:Rattus_norvegicus	NA	34	15	56	20	27	22	22	22	3	17	15	66	35	94	129	44	50	56	80	67
URS000093AA4A_10116:rRNA:Rattus_norvegicus	NA	2	2	23	6	0	0	7	16	7	32	2	4	0	2	23	4	8	5	2	4
URS000093B363_10116:rRNA:Rattus_norvegicus	18S-rRNA	758	640	1292	375	1004	621	1394	1039	292	582	310	1755	1286	3869	3749	1235	1257	2653	2615	1828
URS000093DFDB_10116:rRNA:Rattus_norvegicus	NA	1	0	0	0	0	0	0	0	0	0	0	0	0	0	0	0	0	0	0	0
URS000093E0CA_10116:rRNA:Rattus_norvegicus	NA	57	52	192	31	83	29	52	136	75	61	26	152	99	223	335	81	133	178	161	177
URS0000943CF9_10116:rRNA:Rattus_norvegicus	NA	13	8	59	6	15	5	1	20	69	5	3	21	35	43	77	10	19	20	19	11
URS0000946A4E_10116:rRNA:Rattus_norvegicus	NA	1077	2266	2156	793	7429	2197	2293	709	177	733	725	3594	856	2641	703	439	2955	4026	734	823
URS000094A2F1_10116:rRNA:Rattus_norvegicus	5S-rRNA	65	151	115	74	72	41	16	27	3	45	72	342	66	252	320	88	185	135	218	110
URS000094BA1E_10116:rRNA:Rattus_norvegicus	NA	4	4	7	3	5	2	1	5	2	2	2	20	3	17	23	5	11	9	21	7
URS000094D92F_10116:rRNA:Rattus_norvegicus	NA	3	1	4	3	1	0	1	0	15	3	1	3	0	1	6	1	3	3	1	1
URS0000950074_10116:rRNA:Rattus_norvegicus	NA	0	0	14	1	4	1	11	4	1	2	2	1	5	3	16	1	1	5	2	1
URS00009545B3_10116:rRNA:Rattus_norvegicus	NA	7	11	68	7	12	5	8	36	11	14	5	26	9	20	66	9	20	13	8	16
URS0000959A92_10116:rRNA:Rattus_norvegicus	8S-rRNA	0	0	5	0	1	1	0	2	0	1	0	2	1	2	9	2	3	5	2	3
URS0000959E4B_10116:rRNA:Rattus_norvegicus	NA	13	11	60	8	14	5	3	10	87	13	5	21	6	20	51	10	20	16	6	13
URS000095E0F7_10116:rRNA:Rattus_norvegicus	NA	4	12	11	2	6	1	3	6	5	5	16	22	2	60	42	6	8	18	7	12
URS0000960338_10116:rRNA:Rattus_norvegicus	NA	9	0	6	1	2	1	5	15	1	4	6	14	9	114	202	60	9	16	21	37
URS0000968617_10116:rRNA:Rattus_norvegicus	NA	5	7	76	6	16	18	2	14	0	12	2	53	6	54	65	37	29	21	45	59
URS000096C621_10116:rRNA:Rattus_norvegicus	NA	10	0	6	1	3	1	4	14	3	2	6	14	9	116	202	60	9	15	21	34
URS0000970FEF_10116:rRNA:Rattus_norvegicus	NA	2	2	3	0	1	0	0	0	1	0	1	1	0	1	4	2	0	0	0	2
URS00009713B6_10116:rRNA:Rattus_norvegicus	NA	0	0	15	1	1	0	0	1	2	3	0	1	0	0	8	1	1	1	0	1
URS0000971876_10116:rRNA:Rattus_norvegicus	NA	8	8	73	9	20	13	4	24	1	9	4	37	13	62	98	20	28	21	31	28
URS00009718EB_10116:rRNA:Rattus_norvegicus	NA	39	69	319	57	106	42	42	113	14	89	27	174	65	255	416	99	147	191	170	217
URS0000972191_10116:rRNA:Rattus_norvegicus	NA	3	3	10	1	1	1	1	2	0	2	1	8	1	8	15	3	5	3	6	4
URS000097262E_10116:rRNA:Rattus_norvegicus	NA	0	0	1	0	0	0	0	0	0	0	0	0	0	1	1	0	0	0	0	0
URS000097B3AD_10116:rRNA:Rattus_norvegicus	NA	80	19	65	20	53	29	123	145	15	39	20	82	137	126	314	93	90	139	167	85
URS000097CE27_10116:rRNA:Rattus_norvegicus	NA	15	15	98	12	19	8	4	19	19	18	9	41	7	43	119	25	39	32	25	39
URS0000986811_10116:rRNA:Rattus_norvegicus	NA	4	5	26	3	6	5	2	6	2	3	2	18	8	48	58	7	13	11	15	13
URS000098B084_10116:rRNA:Rattus_norvegicus	NA	27	43	117	24	52	17	24	52	8	28	20	84	58	95	180	47	69	82	66	82
URS000099111D_10116:rRNA:Rattus_norvegicus	NA	0	0	2	0	1	0	0	3	3	0	0	1	1	1	4	0	1	3	2	1
URS00009958A8_10116:rRNA:Rattus_norvegicus	NA	27	30	80	21	36	17	14	35	104	14	17	121	31	117	253	61	80	101	139	61
URS0000996F1C_10116:rRNA:Rattus_norvegicus	NA	0	0	2	0	0	0	0	0	1	0	0	1	0	0	5	1	0	0	1	0
URS000099B10D_10116:rRNA:Rattus_norvegicus	NA	7	0	0	0	0	0	0	2	28	0	2	8	0	9	2	0	0	5	0	2
URS00009A56FA_10116:rRNA:Rattus_norvegicus	NA	2	1	8	0	1	0	0	2	6	0	0	4	0	3	7	3	2	1	1	2
URS00009A6DDE_10116:rRNA:Rattus_norvegicus	NA	0	0	5	0	4	0	0	3	2	0	0	1	2	1	13	1	0	0	1	0
URS00009A9134_10116:rRNA:Rattus_norvegicus	NA	1	0	0	1	0	1	1	1	0	5	3	0	0	0	0	0	0	2	1	0
URS00009AB5C8_10116:rRNA:Rattus_norvegicus	NA	1	1	0	0	0	0	0	0	1	0	0	0	0	0	0	0	0	0	0	0
URS00009ABAD4_10116:rRNA:Rattus_norvegicus	NA	0	0	0	0	0	0	0	0	6	0	0	1	0	2	4	1	3	1	2	0
URS00009DF75C_10116:rRNA:Rattus_norvegicus	16S-rRNA	94804	83337	63505	38539	130438	34838	132435	27714	10867	61946	44033	63372	159969	23444	71862	14395	53127	220102	67160	26519
URS0000A01149_10116:rRNA:Rattus_norvegicus	12S-rRNA	1064	711	1867	648	1526	622	1875	775	66	715	522	971	874	586	676	282	1296	2280	612	492
URS0000A2CCB3_10116:rRNA:Rattus_norvegicus	12S-rRNA	1093	780	1819	621	1514	593	1817	731	63	660	493	973	838	558	680	266	1266	2247	574	454
URS0000A77880_10116:rRNA:Rattus_norvegicus	5S-rRNA	0	0	1	0	0	0	0	0	0	1	0	1	0	0	0	0	0	1	0	0
URS0000A7C552_10116:rRNA:Rattus_norvegicus	5S-rRNA	3	2	5	7	2	0	3	0	0	3	5	12	1	22	20	7	9	6	8	22
URS0000A7DDD5_10116:rRNA:Rattus_norvegicus	8S-rRNA	1	1	2	1	2	0	5	1	0	0	0	5	1	4	7	0	2	2	3	3
URS0000A83B84_10116:rRNA:Rattus_norvegicus	5S-rRNA	1	0	0	0	0	0	0	0	0	0	0	0	0	1	2	0	0	1	0	1
URS0000A85BB5_10116:rRNA:Rattus_norvegicus	5S-rRNA	14	25	26	20	46	9	10	17	0	19	11	43	45	73	115	32	32	64	39	47
URS0000A87AE8_10116:rRNA:Rattus_norvegicus	5S-rRNA	1	0	0	0	0	0	0	0	0	0	0	0	0	3	1	0	0	0	1	0
URS0000A8F16E_10116:rRNA:Rattus_norvegicus	8S-rRNA	19	27	48	13	37	15	21	32	1	20	10	64	21	63	117	31	60	75	71	44
URS0000A9646C_10116:rRNA:Rattus_norvegicus	5S-rRNA	4	0	2	2	2	4	2	0	10	0	0	32	4	16	26	4	14	0	2	2
URS0000A9702A_10116:rRNA:Rattus_norvegicus	5S-rRNA	2	2	1	1	1	0	0	1	0	0	1	8	2	2	4	1	2	1	3	1
URS0000A9CE04_10116:rRNA:Rattus_norvegicus	5S-rRNA	3	6	0	0	2	0	0	0	0	0	0	0	0	2	2	0	2	0	0	0
URS0000AA585F_10116:rRNA:Rattus_norvegicus	5S-rRNA	29	46	149	38	108	45	18	41	2	38	36	158	25	228	301	92	135	132	134	96
URS0000AA8500_10116:rRNA:Rattus_norvegicus	8S-rRNA	3	6	6	3	2	3	2	1	0	1	3	14	1	10	12	3	11	8	14	4
URS0000AA96E9_10116:rRNA:Rattus_norvegicus	5S-rRNA	2	4	4	0	2	0	4	5	0	2	0	3	12	0	8	2	4	5	5	6
URS0000AAC4EF_10116:rRNA:Rattus_norvegicus	5S-rRNA	2	0	4	3	2	0	8	0	0	0	5	2	0	7	0	0	0	6	11	0
URS0000AAD5EB_10116:rRNA:Rattus_norvegicus	5S-rRNA	5	0	2	5	8	2	3	10	0	4	3	6	28	5	14	7	4	22	9	6
URS0000AB0618_10116:rRNA:Rattus_norvegicus	5S-rRNA	2	0	0	0	0	0	0	0	0	0	0	5	0	2	6	0	0	0	0	0
URS0000C0A8F1_10116:rRNA:Rattus_norvegicus	NA	43	38	132	23	57	20	33	70	61	43	21	110	57	172	233	54	79	133	114	117
URS0000C11264_10116:rRNA:Rattus_norvegicus	NA	66	42	103	26	89	59	61	126	15	37	23	110	134	116	283	87	146	150	205	79
URS0000C2BBCE_10116:rRNA:Rattus_norvegicus	NA	1	1	15	0	4	1	4	1	1	3	0	4	2	6	15	2	3	1	1	2
URS0000C2DE96_10116:rRNA:Rattus_norvegicus	NA	55	54	171	40	76	32	31	118	28	40	31	217	74	202	493	123	175	220	260	162
URS0000C36AD3_10116:rRNA:Rattus_norvegicus	NA	21	0	0	0	0	0	0	0	58	2	0	4	0	0	2	0	2	0	0	0
URS0000C3C9A2_10116:rRNA:Rattus_norvegicus	NA	1	0	0	0	0	0	0	0	3	0	0	1	0	0	0	0	0	0	0	0
URS0000C40E67_10116:rRNA:Rattus_norvegicus	NA	3	0	9	1	2	0	0	2	1	1	0	2	0	2	8	3	3	2	3	4
URS0000C4AE5E_10116:rRNA:Rattus_norvegicus	NA	1	0	1	1	0	1	1	1	0	5	3	0	0	0	0	0	0	2	1	0
URS0000C4B054_10116:rRNA:Rattus_norvegicus	NA	49	0	0	0	0	0	0	0	90	0	0	0	0	0	0	0	0	0	2	0
URS0000C5882C_10116:rRNA:Rattus_norvegicus	NA	83	25	95	28	60	33	103	126	14	39	26	121	117	158	354	101	114	142	214	96
URS0000C7E96E_10116:rRNA:Rattus_norvegicus	NA	1	1	2	0	0	0	0	3	1	1	0	3	2	1	9	1	4	0	0	2
URS0000C856B8_10116:rRNA:Rattus_norvegicus	NA	33	48	98	30	39	22	9	38	447	25	13	68	26	56	128	31	57	42	28	34
URS0000CCF2F4_10116:rRNA:Rattus_norvegicus	NA	3	1	4	0	0	0	0	7	0	0	1	3	1	0	0	0	1	7	0	2
URS0000CCF48A_10116:rRNA:Rattus_norvegicus	28S-rRNA	10100	5779	18421	4764	15301	7492	14214	24253	4357	7431	4307	22853	27928	41262	62408	19694	19497	34867	32605	24152
URS0000CCF7C7_10116:rRNA:Rattus_norvegicus	NA	14486	7971	24775	6961	22423	12251	22929	33664	5942	10641	6109	31656	43246	56687	84400	28972	27088	54340	45174	39891
URS0000CCFE84_10116:rRNA:Rattus_norvegicus	NA	2	0	0	0	1	1	4	0	0	0	0	0	0	0	0	0	2	2	0	2
URS0000DD1D09_10116:rRNA:Rattus_norvegicus	NA	160	141	311	115	254	82	251	128	10	157	74	158	98	74	85	35	232	286	96	105
URS0000DD845D_10116:rRNA:Rattus_norvegicus	16S-rRNA	48	63	83	33	52	21	101	13	0	25	24	52	20	21	36	14	57	71	18	18
URS0000E15298_10116:rRNA:Rattus_norvegicus	16S-rRNA	7	0	0	0	2	0	0	0	0	0	0	0	0	0	0	0	2	2	0	2
URS00019F9DE3_10116:rRNA:Rattus_norvegicus	16S-rRNA	2	1	5	1	1	2	1	1	0	1	1	2	1	1	1	1	3	1	1	0
URS0001AE1A02_10116:rRNA:Rattus_norvegicus	NA	1	2	0	0	0	0	0	0	3	0	0	0	0	2	1	0	0	2	3	0
URS0001B0949E_10116:rRNA:Rattus_norvegicus	NA	9	0	6	2	1	1	4	14	0	2	5	13	9	113	201	61	9	15	21	32
URS0001B16616_10116:rRNA:Rattus_norvegicus	NA	1	0	0	0	0	0	0	0	1	0	0	2	0	13	2	1	0	0	0	0
URS0001B4B318_10116:rRNA:Rattus_norvegicus	NA	14	54	143	1	80	17	8	216	99	5	5	505	79	866	509	176	140	208	165	112
URS0001BCA414_10116:rRNA:Rattus_norvegicus	NA	758	640	1292	375	1004	621	1394	1039	292	582	310	1755	1286	3869	3749	1235	1257	2653	2615	1828
URS0001BCA45B_10116:rRNA:Rattus_norvegicus	NA	315	274	481	170	400	118	452	151	11	202	113	260	118	107	162	54	340	484	134	125
URS0001BCA572_10116:rRNA:Rattus_norvegicus	NA	1242	1662	1907	1227	1943	924	1536	1267	118	903	957	4831	1890	3987	4521	1629	2853	3493	2953	2144
URS0002123178_10116:rRNA:Rattus_norvegicus	28S-rRNA	11428	6801	20943	5442	17855	8390	16123	28531	4804	8291	5032	26711	34330	48359	78053	23467	22606	44145	38719	28640
URS0002130150_10116:rRNA:Rattus_norvegicus	NA	5374	3673	12662	2932	9397	3755	6946	15262	2955	4067	2733	15534	17963	30709	47028	12927	12160	26154	22423	15933
URS000223C24D_10116:rRNA:Rattus_norvegicus	16S-rRNA	17042	11485	26469	10819	23934	11146	34628	7424	951	11183	9847	21287	10464	11593	12406	5467	21246	43047	14274	8513
URS0002278BC8_10116:rRNA:Rattus_norvegicus	NA	263	316	603	193	494	185	554	122	11	234	168	377	60	194	181	80	504	591	187	168
URS0002287507_10116:rRNA:Rattus_norvegicus	NA	263	316	603	193	493	185	554	122	11	234	168	377	62	194	181	80	504	591	187	168
URS000228796A_10116:rRNA:Rattus_norvegicus	NA	263	316	603	193	493	185	554	122	11	234	168	377	60	194	181	80	504	591	187	168
URS000228A1BB_10116:rRNA:Rattus_norvegicus	NA	267	316	608	193	493	185	554	122	11	234	168	377	62	194	181	80	504	591	187	168
URS00022925B6_10116:rRNA:Rattus_norvegicus	NA	268	316	604	196	494	187	555	122	11	234	170	377	61	194	181	81	505	591	187	168
URS0002294733_10116:rRNA:Rattus_norvegicus	NA	263	316	603	193	493	185	554	122	11	234	168	377	60	194	181	80	504	591	187	168
URS0002297ABB_10116:rRNA:Rattus_norvegicus	NA	263	316	603	193	493	185	554	122	11	234	168	377	60	194	181	80	504	591	187	168
URS00022994C8_10116:rRNA:Rattus_norvegicus	NA	263	316	603	193	493	185	554	122	11	234	168	377	60	194	181	80	504	591	187	168
URS00022A17B0_10116:rRNA:Rattus_norvegicus	NA	263	316	603	193	493	185	554	122	11	234	168	377	60	194	181	80	504	591	187	168
URS00002C8A7A_10116:rRNA:Rattus_norvegicus	NA	0	2	2	0	0	0	0	0	0	0	0	0	0	0	0	0	0	2	0	0
URS0000624052_10116:rRNA:Rattus_norvegicus	5S-rRNA	0	2	1	0	0	0	1	0	0	0	0	1	0	1	3	0	1	0	0	0
URS0000624D2F_10116:rRNA:Rattus_norvegicus	5S-rRNA	0	1	1	0	0	0	0	0	0	0	5	0	0	0	0	0	0	0	0	0
URS00006807E5_10116:rRNA:Rattus_norvegicus	5S-rRNA	0	2	0	0	0	0	0	0	0	0	0	0	0	4	0	0	2	3	0	3
URS0000681A1A_10116:rRNA:Rattus_norvegicus	5S-rRNA	0	1	0	0	0	0	7	0	0	2	2	6	0	5	5	7	5	0	1	0
URS000068F315_10116:rRNA:Rattus_norvegicus	5S-rRNA	0	3	5	0	2	6	0	6	0	5	3	22	9	10	6	2	2	10	12	14
URS000069430C_10116:rRNA:Rattus_norvegicus	5S-rRNA	0	2	0	0	2	0	0	0	0	0	0	2	0	6	2	0	0	0	0	0
URS00006E151D_10116:rRNA:Rattus_norvegicus	5S-rRNA	0	0	0	0	0	0	0	0	0	0	0	1	0	0	0	0	1	0	0	0
URS00006F66E4_10116:rRNA:Rattus_norvegicus	5S-rRNA	0	2	0	0	0	0	0	0	0	0	0	2	4	0	2	0	0	2	0	0
URS000071A993_10116:rRNA:Rattus_norvegicus	5S-rRNA	0	8	3	2	3	5	4	0	0	5	0	36	0	19	15	7	10	12	3	17
URS0000904CD8_10116:rRNA:Rattus_norvegicus	NA	0	1	5	0	3	2	0	3	0	0	0	7	2	6	1	4	3	2	5	11
URS0000926ECF_10116:rRNA:Rattus_norvegicus	NA	0	0	1	0	0	0	0	0	69	0	0	0	0	0	0	0	0	0	0	0
URS0000999CE1_10116:rRNA:Rattus_norvegicus	NA	0	1	0	0	0	0	0	2	0	0	0	0	0	0	0	0	0	0	0	0
URS0000A7EBD1_10116:rRNA:Rattus_norvegicus	5S-rRNA	0	1	0	0	0	0	0	0	0	0	0	0	0	1	0	0	0	0	0	0
URS0000A801E0_10116:rRNA:Rattus_norvegicus	5S-rRNA	0	1	0	0	0	0	0	0	0	0	0	2	0	4	4	0	2	0	0	0
URS0000A8FEE8_10116:rRNA:Rattus_norvegicus	5S-rRNA	0	2	1	0	0	0	1	0	0	0	0	1	0	1	3	0	3	0	0	0
URS0000A91AD7_10116:rRNA:Rattus_norvegicus	5S-rRNA	0	2	4	0	2	3	4	6	2	0	3	5	4	4	7	4	8	21	11	0
URS0000AA3C3F_10116:rRNA:Rattus_norvegicus	5S-rRNA	0	2	0	0	0	0	0	0	0	0	0	9	0	2	0	0	2	6	0	0
URS0000AACD61_10116:rRNA:Rattus_norvegicus	5S-rRNA	0	2	0	0	1	0	0	0	0	0	0	4	0	2	3	4	0	3	1	2
URS0000C19245_10116:rRNA:Rattus_norvegicus	NA	0	1	8	0	1	1	0	1	2	0	0	2	0	1	6	1	1	1	0	4
URS000063428F_10116:rRNA:Rattus_norvegicus	5S-rRNA	0	0	3	1	0	0	0	0	0	0	2	2	4	2	3	0	3	0	2	9
URS000063F0BB_10116:rRNA:Rattus_norvegicus	5S-rRNA	0	0	2	2	3	0	2	2	0	0	3	8	0	5	6	0	0	8	2	0
URS000066171A_10116:rRNA:Rattus_norvegicus	5S-rRNA	0	0	0	0	0	0	0	0	0	0	0	0	0	0	0	0	0	0	0	0
URS000067CBAA_10116:rRNA:Rattus_norvegicus	5S-rRNA	0	0	0	0	0	0	0	1	0	0	0	0	0	0	0	0	0	0	0	0
URS000070E4C0_10116:rRNA:Rattus_norvegicus	5S-rRNA	0	0	0	0	0	0	0	0	0	0	0	1	0	0	0	0	2	0	0	0
URS0000944818_10116:rRNA:Rattus_norvegicus	NA	0	0	4	0	0	1	0	1	0	0	0	2	0	1	2	1	1	2	2	2
URS000097C230_10116:rRNA:Rattus_norvegicus	NA	0	0	0	0	0	0	0	0	0	0	0	0	0	0	2	0	0	0	0	0
URS00009A3A4F_10116:rRNA:Rattus_norvegicus	NA	0	0	1	1	0	1	0	0	0	0	1	1	0	1	1	0	1	0	1	0
URS0000A8379E_10116:rRNA:Rattus_norvegicus	5S-rRNA	0	0	0	0	0	0	0	0	0	0	0	0	0	0	0	0	0	0	0	0
URS0000A8FF34_10116:rRNA:Rattus_norvegicus	5S-rRNA	0	0	0	0	0	0	0	0	0	0	2	0	0	0	5	0	0	0	0	0
URS0000A91A3E_10116:rRNA:Rattus_norvegicus	5S-rRNA	0	0	0	0	0	0	0	0	0	0	0	0	0	0	0	0	0	0	0	0
URS0000A95F18_10116:rRNA:Rattus_norvegicus	5S-rRNA	0	0	0	0	0	0	0	0	0	0	0	0	0	0	0	0	0	0	0	0
URS0000A9F2FE_10116:rRNA:Rattus_norvegicus	5S-rRNA	0	0	0	0	0	0	0	0	0	0	2	0	0	0	0	0	0	0	0	0
URS0000C5C73F_10116:rRNA:Rattus_norvegicus	5S-rRNA	0	0	1	0	1	0	0	2	0	2	1	1	0	0	5	0	7	4	0	0
URS0000624939_10116:rRNA:Rattus_norvegicus	5S-rRNA	0	0	0	1	0	0	0	0	0	0	0	1	0	2	1	0	1	0	0	1
URS000062A825_10116:rRNA:Rattus_norvegicus	5S-rRNA	0	0	0	0	0	0	0	0	0	0	0	0	0	0	0	0	0	0	0	0
URS0000653B83_10116:rRNA:Rattus_norvegicus	8S-rRNA	0	0	1	0	1	1	0	1	0	1	0	1	0	1	2	0	1	0	2	2
URS000065DC7C_10116:rRNA:Rattus_norvegicus	5S-rRNA	0	0	0	0	0	0	0	0	0	0	0	2	0	0	0	0	2	4	0	1
URS0000678EB8_10116:rRNA:Rattus_norvegicus	5S-rRNA	0	0	0	0	2	0	0	0	0	0	0	0	0	0	0	0	0	0	0	0
URS0000681B77_10116:rRNA:Rattus_norvegicus	5S-rRNA	0	0	2	2	2	0	0	0	0	3	0	23	2	14	3	3	7	15	5	6
URS0000696584_10116:rRNA:Rattus_norvegicus	5S-rRNA	0	0	0	0	0	0	0	0	0	0	0	0	0	0	0	0	0	0	0	0
URS000069BC95_10116:rRNA:Rattus_norvegicus	5S-rRNA	0	0	0	0	0	0	0	0	0	0	0	0	0	1	1	1	0	0	0	1
URS000069D1DB_10116:rRNA:Rattus_norvegicus	5S-rRNA	0	0	0	0	0	0	0	0	0	0	0	0	0	0	0	0	0	0	0	0
URS00006AD00B_10116:rRNA:Rattus_norvegicus	5S-rRNA	0	0	0	0	0	0	0	0	0	0	0	2	0	0	2	0	0	0	0	0
URS00006B6765_10116:rRNA:Rattus_norvegicus	8S-rRNA	0	0	0	0	1	0	0	0	0	0	0	1	0	0	1	0	1	0	0	1
URS00006BD4AB_10116:rRNA:Rattus_norvegicus	5S-rRNA	0	0	0	0	0	0	0	2	0	0	0	0	0	0	2	0	0	0	0	0
URS00006C256D_10116:rRNA:Rattus_norvegicus	5S-rRNA	0	0	0	0	0	0	0	0	0	0	0	0	0	0	0	0	0	0	0	2
URS00006E1346_10116:rRNA:Rattus_norvegicus	5S-rRNA	0	0	0	0	0	0	0	0	0	0	0	2	0	0	0	0	0	0	0	0
URS00006ED305_10116:rRNA:Rattus_norvegicus	5S-rRNA	0	0	2	0	0	0	0	0	0	0	0	2	0	0	4	0	0	0	2	0
URS0000706CA2_10116:rRNA:Rattus_norvegicus	5S-rRNA	0	0	7	0	0	0	2	0	0	0	0	18	0	2	5	3	2	8	5	0
URS000070C9A9_10116:rRNA:Rattus_norvegicus	5S-rRNA	0	0	0	0	0	0	0	0	0	0	0	1	0	0	0	0	2	0	0	2
URS0000715956_10116:rRNA:Rattus_norvegicus	5S-rRNA	0	0	0	0	0	0	0	2	36	0	0	5	2	0	2	0	0	5	0	1
URS000071E304_10116:rRNA:Rattus_norvegicus	5S-rRNA	0	0	0	0	0	0	0	0	0	0	0	2	1	0	0	0	0	0	0	1
URS0000925652_10116:rRNA:Rattus_norvegicus	NA	0	0	1	0	0	0	0	0	0	0	0	1	0	0	0	0	0	0	0	0
URS0000945F96_10116:rRNA:Rattus_norvegicus	NA	0	0	1	0	0	0	0	0	0	0	0	0	0	0	0	0	0	0	0	0
URS000096AFD3_10116:rRNA:Rattus_norvegicus	NA	0	0	0	0	0	0	0	0	0	0	0	0	0	0	0	0	0	0	0	0
URS000096F134_10116:rRNA:Rattus_norvegicus	NA	0	0	0	0	0	0	0	0	0	0	0	0	0	0	0	0	0	0	0	0
URS000098E2E1_10116:rRNA:Rattus_norvegicus	NA	0	0	5	0	2	0	0	0	0	0	0	1	0	0	2	0	0	0	0	0
URS0000A84965_10116:rRNA:Rattus_norvegicus	5S-rRNA	0	0	0	0	0	0	0	0	0	0	0	0	0	1	2	0	0	0	0	0
URS0000A88543_10116:rRNA:Rattus_norvegicus	5S-rRNA	0	0	0	0	0	0	0	0	0	0	0	1	0	0	0	0	2	8	0	2
URS0000A8E573_10116:rRNA:Rattus_norvegicus	5S-rRNA	0	0	0	0	0	0	0	0	0	0	0	0	0	0	0	0	0	0	0	0
URS0000A914DF_10116:rRNA:Rattus_norvegicus	5S-rRNA	0	0	3	0	0	0	0	0	0	0	0	2	0	0	2	0	0	0	0	1
URS0000A982BA_10116:rRNA:Rattus_norvegicus	5S-rRNA	0	0	0	0	0	0	0	0	0	0	0	0	0	1	1	1	0	0	0	1
URS0000A9D5F4_10116:rRNA:Rattus_norvegicus	5S-rRNA	0	0	0	0	0	0	0	0	0	0	0	0	0	0	0	0	0	0	0	0
URS0000AA58C4_10116:rRNA:Rattus_norvegicus	5S-rRNA	0	0	2	0	0	0	0	0	0	0	0	1	0	0	0	0	0	0	0	0
URS0000AA9C46_10116:rRNA:Rattus_norvegicus	5S-rRNA	0	0	1	0	0	0	0	2	0	0	0	8	1	1	4	1	3	1	4	0
URS0000AABD2B_10116:rRNA:Rattus_norvegicus	5S-rRNA	0	0	0	0	0	0	0	0	0	0	0	2	0	0	0	0	0	0	0	0
URS0000AAD956_10116:rRNA:Rattus_norvegicus	5S-rRNA	0	0	0	1	0	0	0	0	0	0	0	1	0	2	1	0	1	0	0	1
URS0000BA7C32_10116:rRNA:Rattus_norvegicus	12S-rRNA	0	0	1	0	0	0	0	0	0	0	0	0	0	0	0	0	1	1	0	0
URS0000C71B19_10116:rRNA:Rattus_norvegicus	NA	0	0	0	0	0	0	0	0	0	0	0	0	0	0	0	0	0	0	0	0
URS0000627DC5_10116:rRNA:Rattus_norvegicus	5S-rRNA	0	0	0	0	0	0	0	0	0	0	0	0	0	0	0	0	0	0	0	0
URS0000643BB9_10116:rRNA:Rattus_norvegicus	5S-rRNA	0	0	0	0	0	0	0	0	0	0	0	0	0	0	1	0	0	0	0	1
URS0000695688_10116:rRNA:Rattus_norvegicus	5S-rRNA	0	0	0	0	0	0	0	0	0	0	0	0	0	0	2	0	0	0	0	0
URS000069C4F1_10116:rRNA:Rattus_norvegicus	5S-rRNA	0	0	0	0	0	0	0	0	0	0	0	0	0	3	1	0	0	2	1	0
URS00006A00A5_10116:rRNA:Rattus_norvegicus	8S-rRNA	0	0	0	0	0	0	0	0	0	0	0	0	0	0	3	0	0	0	0	0
URS00006A9DC1_10116:rRNA:Rattus_norvegicus	5S-rRNA	0	0	0	0	2	0	0	2	0	0	0	0	0	2	6	2	4	2	4	0
URS00006B4522_10116:rRNA:Rattus_norvegicus	5S-rRNA	0	0	0	0	0	0	0	0	0	0	0	0	0	0	0	0	0	0	0	0
URS00006C9565_10116:rRNA:Rattus_norvegicus	5S-rRNA	0	0	0	0	0	0	0	0	0	0	0	0	0	2	0	0	2	2	2	0
URS00006E1233_10116:rRNA:Rattus_norvegicus	8S-rRNA	0	0	2	0	0	0	0	0	0	0	0	0	2	0	3	0	2	0	0	4
URS00006E7723_10116:rRNA:Rattus_norvegicus	8S-rRNA	0	0	1	0	0	0	0	1	0	0	0	0	0	0	2	0	1	0	0	1
URS0000705351_10116:rRNA:Rattus_norvegicus	8S-rRNA	0	0	2	2	0	0	0	0	4	0	0	0	0	0	2	0	5	2	0	0
URS00007235A2_10116:rRNA:Rattus_norvegicus	5S-rRNA	0	0	0	0	0	0	0	0	45	0	0	0	0	0	0	0	0	2	1	0
URS0000919FA2_10116:rRNA:Rattus_norvegicus	NA	0	0	0	0	0	0	0	0	0	0	0	0	0	0	1	2	0	0	0	0
URS0000925E15_10116:rRNA:Rattus_norvegicus	NA	0	0	1	0	0	0	0	0	1	0	0	0	0	0	0	0	1	0	0	0
URS00009A9989_10116:rRNA:Rattus_norvegicus	NA	0	0	0	0	0	0	3	0	0	0	0	0	0	0	2	0	0	0	0	0
URS0000A78AC8_10116:rRNA:Rattus_norvegicus	5S-rRNA	0	0	0	0	0	0	0	0	0	0	0	0	0	0	0	0	0	0	0	0
URS0000A8041B_10116:rRNA:Rattus_norvegicus	5S-rRNA	0	0	0	0	0	0	0	0	0	0	0	0	0	0	0	0	0	0	0	0
URS0000A80920_10116:rRNA:Rattus_norvegicus	5S-rRNA	0	0	0	0	0	0	0	0	0	0	0	0	0	0	1	0	0	0	0	1
URS0000A8C614_10116:rRNA:Rattus_norvegicus	5S-rRNA	0	0	0	0	0	0	0	0	0	0	0	0	0	0	0	0	0	1	0	0
URS0000A948D2_10116:rRNA:Rattus_norvegicus	5S-rRNA	0	0	0	0	0	0	0	0	0	0	0	0	0	0	0	0	0	0	2	0
URS0000AA67D0_10116:rRNA:Rattus_norvegicus	5S-rRNA	0	0	0	0	0	0	0	0	0	0	0	0	0	2	0	0	0	2	0	0
URS0000AA9862_10116:rRNA:Rattus_norvegicus	5S-rRNA	0	0	0	0	0	0	0	0	0	0	0	0	0	0	0	0	0	0	0	0
URS0000AAB200_10116:rRNA:Rattus_norvegicus	5S-rRNA	0	0	0	0	0	0	0	0	0	0	0	0	0	0	0	0	0	0	0	0
URS0000AAE707_10116:rRNA:Rattus_norvegicus	5S-rRNA	0	0	0	0	0	0	0	0	0	0	0	0	0	1	0	0	0	0	0	0
URS0000C06CBD_10116:rRNA:Rattus_norvegicus	NA	0	0	0	0	0	0	0	0	0	0	0	0	0	0	2	0	0	0	0	0
URS0000A76E17_10116:rRNA:Rattus_norvegicus	NA	0	0	0	0	0	0	0	0	0	0	0	0	0	0	0	0	0	1	0	0
URS0000AAC98C_10116:rRNA:Rattus_norvegicus	5S-rRNA	0	0	0	0	0	0	0	2	0	0	0	0	0	0	2	0	0	0	0	0
URS0000CCF283_10116:rRNA:Rattus_norvegicus	NA	0	0	0	0	0	0	0	0	0	0	0	0	0	0	0	0	0	1	0	0
URS00005C0CAB_10116:rRNA:Rattus_norvegicus	NA	0	0	0	0	0	0	0	0	0	0	0	0	0	0	0	0	0	0	0	4
URS0000637711_10116:rRNA:Rattus_norvegicus	5S-rRNA	0	0	0	0	0	0	0	0	0	0	0	0	0	0	0	0	0	0	0	0
URS0000665078_10116:rRNA:Rattus_norvegicus	8S-rRNA	0	0	0	0	0	1	0	0	0	1	0	0	0	0	0	2	0	0	0	0
URS00006684C0_10116:rRNA:Rattus_norvegicus	5S-rRNA	0	0	0	0	0	0	0	0	0	0	0	0	0	0	0	0	0	1	0	1
URS00006856F4_10116:rRNA:Rattus_norvegicus	5S-rRNA	0	0	0	0	0	0	0	0	0	0	0	0	0	0	2	0	0	0	0	0
URS00006A440B_10116:rRNA:Rattus_norvegicus	8S-rRNA	0	0	0	0	0	1	0	0	0	1	0	0	0	0	0	2	1	0	0	0
URS00006BEF1B_10116:rRNA:Rattus_norvegicus	5S-rRNA	0	0	0	0	0	0	0	0	0	0	0	0	0	0	0	0	0	0	0	0
URS00006FAA83_10116:rRNA:Rattus_norvegicus	5S-rRNA	0	0	0	0	0	0	0	0	0	0	0	0	0	4	2	0	0	0	0	0
URS000070DFE6_10116:rRNA:Rattus_norvegicus	5S-rRNA	0	0	0	0	0	2	0	0	0	0	0	0	0	0	0	0	0	0	0	0
URS000071D14F_10116:rRNA:Rattus_norvegicus	5S-rRNA	0	0	0	0	0	0	0	0	0	0	0	0	0	0	2	0	0	0	0	0
URS00008C6B45_10116:rRNA:Rattus_norvegicus	NA	0	0	0	0	0	0	0	0	0	0	0	0	0	0	0	0	0	0	0	0
URS0000907B2E_10116:rRNA:Rattus_norvegicus	NA	0	0	0	0	0	0	0	1	0	0	0	0	0	0	0	0	0	0	0	0
URS000092BC50_10116:rRNA:Rattus_norvegicus	NA	0	0	0	0	0	0	0	0	0	0	0	0	0	0	0	0	0	0	0	0
URS0000986015_10116:rRNA:Rattus_norvegicus	NA	0	0	0	0	0	0	0	2	0	0	0	0	0	0	0	0	0	2	0	0
URS0000A78952_10116:rRNA:Rattus_norvegicus	5S-rRNA	0	0	0	0	0	0	0	0	0	0	0	0	0	0	0	0	0	0	0	0
URS0000A7BE3D_10116:rRNA:Rattus_norvegicus	5S-rRNA	0	0	0	0	0	0	0	0	0	0	0	0	0	0	0	0	0	0	0	0
URS0000A8007B_10116:rRNA:Rattus_norvegicus	5S-rRNA	0	0	0	0	0	0	0	0	0	0	0	0	0	0	0	0	1	0	0	0
URS0000A87FBF_10116:rRNA:Rattus_norvegicus	5S-rRNA	0	0	0	0	0	0	0	0	0	0	0	0	0	0	0	0	0	0	0	0
URS0000A9AFC8_10116:rRNA:Rattus_norvegicus	5S-rRNA	0	0	0	0	0	0	0	0	0	0	0	0	0	0	2	0	0	0	0	0
URS0000A9BECF_10116:rRNA:Rattus_norvegicus	5S-rRNA	0	0	0	0	0	0	0	0	0	0	0	0	0	0	2	0	0	0	0	0
URS0000AA7DAD_10116:rRNA:Rattus_norvegicus	5S-rRNA	0	0	0	0	0	0	0	0	0	0	0	0	0	0	0	0	3	0	0	0
URS0000CD08D2_10116:rRNA:Rattus_norvegicus	NA	0	0	0	0	0	0	0	0	0	0	0	0	0	0	0	0	0	0	0	0
URS0000683A56_10116:rRNA:Rattus_norvegicus	5S-rRNA	0	0	0	0	0	1	0	0	0	0	0	0	0	0	2	0	1	0	2	0
URS00006B792C_10116:rRNA:Rattus_norvegicus	5S-rRNA	0	0	0	0	0	0	0	0	0	0	0	0	0	0	0	0	0	2	0	0
URS0000A8E224_10116:rRNA:Rattus_norvegicus	5S-rRNA	0	0	0	0	0	0	0	0	0	0	0	0	0	0	0	0	0	0	0	0
URS0000A8EA3E_10116:rRNA:Rattus_norvegicus	5S-rRNA	0	0	0	0	0	0	0	0	0	0	0	0	0	0	1	0	0	0	0	0
URS0000A90765_10116:rRNA:Rattus_norvegicus	5S-rRNA	0	0	0	0	0	0	0	0	0	0	0	0	0	0	0	0	0	0	0	1
URS0000AA65F9_10116:rRNA:Rattus_norvegicus	5S-rRNA	0	0	0	0	0	0	0	0	0	0	0	0	0	0	0	0	0	2	0	0
URS0000AA87F7_10116:rRNA:Rattus_norvegicus	5S-rRNA	0	0	0	0	0	0	0	0	0	0	0	0	0	0	0	0	0	0	0	0
URS0000CD097D_10116:rRNA:Rattus_norvegicus	NA	0	0	0	1	2	0	0	0	0	0	0	0	0	0	0	0	1	0	0	0
URS000072DAA6_10116:rRNA:Rattus_norvegicus	5S-rRNA	0	0	0	0	0	0	0	0	0	0	0	0	0	0	0	0	0	0	0	0
URS0000A9413C_10116:rRNA:Rattus_norvegicus	5S-rRNA	0	0	0	0	0	0	0	0	0	0	0	0	0	0	0	0	0	0	0	0
URS0000AA92E4_10116:rRNA:Rattus_norvegicus	5S-rRNA	0	0	0	0	0	0	0	0	0	0	0	0	0	0	0	0	0	0	2	0
URS0000AAD12E_10116:rRNA:Rattus_norvegicus	5S-rRNA	0	0	0	0	0	0	0	0	0	0	0	0	0	0	0	0	0	0	0	0
URS0000A8E191_10116:rRNA:Rattus_norvegicus	5S-rRNA	0	0	0	0	0	0	0	0	0	0	0	0	0	0	0	0	0	0	0	0
URS000065E048_10116:rRNA:Rattus_norvegicus	5S-rRNA	0	0	0	0	0	0	0	0	0	0	0	0	0	0	1	0	0	0	0	0
URS000068B916_10116:rRNA:Rattus_norvegicus	5S-rRNA	0	0	0	0	0	0	0	0	0	0	0	0	0	0	0	0	0	0	0	0
URS000068E827_10116:rRNA:Rattus_norvegicus	5S-rRNA	0	0	0	0	0	0	0	0	0	0	0	0	0	0	1	0	0	0	0	0
URS00006C4DCA_10116:rRNA:Rattus_norvegicus	5S-rRNA	0	0	0	0	0	0	0	0	0	0	0	0	0	0	0	0	0	0	0	0
URS00006E7DF7_10116:rRNA:Rattus_norvegicus	5S-rRNA	0	0	0	0	1	1	0	0	0	0	0	0	0	0	0	0	1	0	0	0
URS00006F803A_10116:rRNA:Rattus_norvegicus	5S-rRNA	0	0	0	0	0	0	0	0	0	0	0	0	0	0	0	0	0	0	0	0
URS0000A79BF8_10116:rRNA:Rattus_norvegicus	5S-rRNA	0	0	0	0	0	0	0	0	0	0	0	0	0	0	0	0	0	0	0	0
URS0000A8A3E9_10116:rRNA:Rattus_norvegicus	5S-rRNA	0	0	0	0	0	0	0	0	0	0	0	0	0	0	0	0	0	0	0	0
URS0000A9B2DF_10116:rRNA:Rattus_norvegicus	5S-rRNA	0	0	0	0	0	0	0	0	0	0	0	0	0	0	0	0	0	0	0	0
URS0000AA4FCE_10116:rRNA:Rattus_norvegicus	5S-rRNA	0	0	0	0	0	0	0	0	0	0	0	0	0	0	0	0	0	0	0	0
URS00005988FB_10116:rRNA:Rattus_norvegicus	18S-rRNA	0	0	0	0	0	0	0	0	0	0	0	0	0	0	0	0	0	0	0	0
URS000062A51C_10116:rRNA:Rattus_norvegicus	5S-rRNA	0	0	0	0	0	0	0	0	0	0	0	0	0	0	4	0	0	0	0	1
URS0000635C2A_10116:rRNA:Rattus_norvegicus	5S-rRNA	0	0	0	0	0	0	0	0	0	0	0	0	0	0	0	0	0	3	0	0
URS00006B6798_10116:rRNA:Rattus_norvegicus	5S-rRNA	0	0	0	0	0	0	0	0	0	0	0	0	0	0	0	0	0	0	0	0
URS00006F2F3A_10116:rRNA:Rattus_norvegicus	5S-rRNA	0	0	0	0	0	0	0	0	0	0	0	0	0	0	0	0	0	0	0	1
URS00007131E0_10116:rRNA:Rattus_norvegicus	5S-rRNA	0	0	0	0	0	0	0	0	0	0	0	0	0	0	0	0	0	0	0	1
URS0000A7DFF6_10116:rRNA:Rattus_norvegicus	5S-rRNA	0	0	0	0	0	0	0	0	0	0	0	0	0	0	0	0	0	0	0	0
URS0000A867B3_10116:rRNA:Rattus_norvegicus	5S-rRNA	0	0	0	0	0	0	0	0	0	0	0	0	0	0	0	0	0	0	0	0
URS0000A96220_10116:rRNA:Rattus_norvegicus	5S-rRNA	0	0	0	0	0	0	0	0	0	0	0	0	0	0	0	0	0	0	0	0
URS0000A9F54D_10116:rRNA:Rattus_norvegicus	5S-rRNA	0	0	0	0	0	0	0	0	0	0	0	0	0	0	0	0	0	0	0	0
URS0000AA207D_10116:rRNA:Rattus_norvegicus	5S-rRNA	0	0	0	0	0	0	0	0	0	0	0	0	0	0	3	0	0	0	0	0
URS00006BC3EE_10116:rRNA:Rattus_norvegicus	5S-rRNA	0	0	0	0	0	0	0	0	0	0	0	0	0	0	0	0	0	0	0	0
URS00006E87D1_10116:rRNA:Rattus_norvegicus	5S-rRNA	0	0	0	0	0	0	0	0	0	0	0	0	0	0	0	0	0	0	0	0
URS0000A83360_10116:rRNA:Rattus_norvegicus	5S-rRNA	0	0	0	0	0	0	0	0	0	0	0	0	0	0	0	0	0	0	0	0
URS0000AA85EE_10116:rRNA:Rattus_norvegicus	5S-rRNA	0	0	0	0	0	0	0	0	0	0	0	0	0	0	0	0	0	0	0	0
URS0000AAEC73_10116:rRNA:Rattus_norvegicus	5S-rRNA	0	0	0	0	0	0	0	0	0	0	0	0	0	0	0	0	0	0	0	0
URS00006B2358_10116:rRNA:Rattus_norvegicus	5S-rRNA	0	0	0	0	0	0	0	0	0	0	0	0	0	0	3	0	0	0	0	2
URS0000A90B48_10116:rRNA:Rattus_norvegicus	5S-rRNA	0	0	0	0	0	0	0	0	0	0	0	0	0	0	4	0	0	0	0	0
URS0000AB0D86_10116:rRNA:Rattus_norvegicus	5S-rRNA	0	0	0	0	0	0	0	0	0	0	0	0	0	0	0	0	0	0	0	0
URS0000712292_10116:rRNA:Rattus_norvegicus	8S-rRNA	0	0	0	0	0	0	0	0	0	0	0	0	0	0	0	0	0	0	0	0
URS0000A36A41_10116:rRNA:Rattus_norvegicus	16S-rRNA	0	0	0	0	0	0	0	0	0	0	0	0	0	0	0	0	0	0	0	0
URS0000A7880E_10116:rRNA:Rattus_norvegicus	5S-rRNA	0	0	0	0	0	0	0	0	0	0	0	0	0	0	0	0	0	0	0	0
URS0000A7FA9C_10116:rRNA:Rattus_norvegicus	5S-rRNA	0	0	0	0	0	0	0	0	0	0	0	0	0	0	0	0	0	0	0	0
URS0000A83985_10116:rRNA:Rattus_norvegicus	5S-rRNA	0	0	0	0	0	0	0	0	0	0	0	0	0	0	0	0	0	0	1	0
URS0000A8D97B_10116:rRNA:Rattus_norvegicus	5S-rRNA	0	0	0	0	0	0	0	0	0	0	0	0	0	0	0	0	0	0	0	0
URS0000A92D37_10116:rRNA:Rattus_norvegicus	5S-rRNA	0	0	0	0	0	0	0	0	0	0	0	0	0	0	0	0	0	0	0	0
URS0000A9DC3D_10116:rRNA:Rattus_norvegicus	5S-rRNA	0	0	0	0	0	0	0	0	0	0	0	0	0	0	0	0	0	0	0	0
URS0000A9FAAF_10116:rRNA:Rattus_norvegicus	5S-rRNA	0	0	0	0	0	0	0	0	0	0	0	0	0	0	0	0	0	0	0	0
URS0000AA84AB_10116:rRNA:Rattus_norvegicus	5S-rRNA	0	0	0	0	0	0	0	0	0	0	0	0	0	0	0	0	0	0	0	0
URS0000AA4E49_10116:rRNA:Rattus_norvegicus	5S-rRNA	0	0	0	0	0	0	0	0	0	0	0	0	0	0	0	0	1	0	0	0
URS0000AA1E1E_10116:rRNA:Rattus_norvegicus	5S-rRNA	0	0	0	0	0	0	0	0	0	0	0	0	0	0	0	0	0	1	0	0
URS0000AAC201_10116:rRNA:Rattus_norvegicus	5S-rRNA	0	0	0	0	0	0	0	0	0	0	0	0	0	0	0	0	0	1	0	0
URS00006D1611_10116:rRNA:Rattus_norvegicus	5S-rRNA	0	0	0	0	0	0	0	0	0	0	0	0	0	0	0	0	0	0	0	0
URS0000A79221_10116:rRNA:Rattus_norvegicus	5S-rRNA	0	0	0	0	0	0	0	0	0	0	0	0	0	0	0	0	0	0	0	0
URS0000A9409C_10116:rRNA:Rattus_norvegicus	5S-rRNA	0	0	0	0	0	0	0	0	0	0	0	0	0	0	0	0	0	0	0	0
URS0000AA3E90_10116:rRNA:Rattus_norvegicus	5S-rRNA	0	0	0	0	0	0	0	0	0	0	0	0	0	0	0	0	0	0	0	0
URS0000AA7F45_10116:rRNA:Rattus_norvegicus	5S-rRNA	0	0	0	0	0	0	0	0	0	0	0	0	0	0	0	0	0	0	0	0
URS0000AAF052_10116:rRNA:Rattus_norvegicus	5S-rRNA	0	0	0	0	0	0	0	0	0	0	0	0	0	0	0	0	0	0	0	0
URS00006817B4_10116:rRNA:Rattus_norvegicus	5S-rRNA	0	0	0	0	0	0	0	0	0	0	0	0	0	0	0	0	0	0	0	0
URS0000A85A5A_10116:rRNA:Rattus_norvegicus	5S-rRNA	0	0	0	0	0	0	0	0	0	0	0	0	0	0	0	0	0	0	0	0
URS000063B5A2_10116:rRNA:Rattus_norvegicus	5S-rRNA	0	0	0	0	0	0	0	0	0	0	0	0	0	0	0	0	0	0	0	0
URS000067DC6B_10116:rRNA:Rattus_norvegicus	5S-rRNA	0	0	0	0	0	0	0	0	0	0	0	0	0	0	0	0	0	0	0	0
URS0000920ADA_10116:rRNA:Rattus_norvegicus	5S-rRNA	0	0	0	0	0	0	0	0	0	0	0	0	0	0	0	0	0	0	0	0
URS0000A783EB_10116:rRNA:Rattus_norvegicus	5S-rRNA	0	0	0	0	0	0	0	0	0	0	0	0	0	0	0	0	0	0	0	0
URS0000AAEAA5_10116:rRNA:Rattus_norvegicus	5S-rRNA	0	0	0	0	0	0	0	0	0	0	0	0	0	0	0	0	0	0	0	0
URS000062E11D_10116:rRNA:Rattus_norvegicus	5S-rRNA	0	0	0	0	0	0	0	0	0	0	0	0	0	0	0	0	0	0	0	0
URS0000A89516_10116:rRNA:Rattus_norvegicus	5S-rRNA	0	0	0	0	0	0	0	0	0	0	0	0	0	0	0	0	0	0	0	0
URS0000946879_10116:rRNA:Rattus_norvegicus	5S-rRNA	0	0	0	0	0	0	0	0	0	0	0	0	0	0	0	0	0	0	0	0
URS0000A83344_10116:rRNA:Rattus_norvegicus	5S-rRNA	0	0	0	0	0	0	0	0	0	0	0	0	0	0	0	0	0	0	0	0
URS0000A9F98A_10116:rRNA:Rattus_norvegicus	5S-rRNA	0	0	0	0	0	0	0	0	0	0	0	0	0	0	0	0	0	0	0	0
URS0000AA96DC_10116:rRNA:Rattus_norvegicus	5S-rRNA	0	0	0	0	0	0	0	0	0	0	0	0	0	0	0	0	0	0	0	0
URS0000AB1063_10116:rRNA:Rattus_norvegicus	5S-rRNA	0	0	0	0	0	0	0	0	0	0	0	0	0	0	0	0	0	0	0	0
URS000071C567_10116:rRNA:Rattus_norvegicus	5S-rRNA	0	0	0	0	0	0	0	0	0	0	0	0	0	0	0	0	0	0	0	0
