Sequence	Annotation	Library_01	Library_02	Library_09	Library_10	Library_17	Library_18	Library_25	Library_26	Library_33	Library_34	Library_05	Library_06	Library_13	Library_14	Library_21	Library_22	Library_29	Library_30	Library_38
URS0000019E12_10116:rRNA:Rattus_norvegicus	12S-rRNA	1196	2394	2390	886	7586	2225	2402	820	186	865	393	834	2842	781	1655	645	3925	2391	139
URS00000351A9_10116:rRNA:Rattus_norvegicus	16S-rRNA	36059	31348	37180	22505	50289	17998	48876	14899	3274	24151	13235	17899	37501	10021	27625	8235	34268	34133	5333
URS00000382E0_10116:rRNA:Rattus_norvegicus	12S-rRNA	294	270	473	157	396	117	390	147	11	197	73	29	187	67	231	73	289	145	8
URS0000043A04_10116:rRNA:Rattus_norvegicus	NA	1060	2255	2127	774	7356	2150	2228	697	177	716	350	809	2779	737	1543	607	3742	2298	131
URS000005149C_10116:rRNA:Rattus_norvegicus	16S-rRNA	91045	79480	60097	37040	125693	32494	127908	26352	10649	60098	28360	106381	112878	17324	47692	15149	67204	75250	23011
URS000006A105_10116:rRNA:Rattus_norvegicus	16S-rRNA	35872	31125	37168	22443	49836	17872	48160	14881	3274	23926	13136	17452	37030	10003	27604	8215	34053	33950	5351
URS0000070986_10116:rRNA:Rattus_norvegicus	NA	1087	963	1643	858	2382	1762	2773	2042	627	1405	5368	1867	1404	8952	10779	22069	10208	3072	55703
URS00000C0F0F_10116:rRNA:Rattus_norvegicus	NA	15	8	19	4	5	8	11	2	8	3	23	1	3	36	17	166	41	23	24
URS00000C930E_10116:rRNA:Rattus_norvegicus	NA	315	274	481	170	400	118	452	151	11	202	76	28	187	67	236	74	292	148	9
URS00000EB250_10116:rRNA:Rattus_norvegicus	5S-rRNA	118	15	68	18	29	33	56	55	4	30	246	9	11	281	236	627	316	236	630
URS00000F446C_10116:rRNA:Rattus_norvegicus	NA	3	2	12	1	1	2	4	2	0	1	26	1	1	125	13	135	58	10	34
URS00000F8D11_10116:rRNA:Rattus_norvegicus	18S-rRNA	17	10	18	7	13	7	5	23	4	4	35	38	3	96	46	411	86	26	764
URS00000F9D45_10116:rRNA:Rattus_norvegicus	NA	1242	1662	1907	1227	1943	924	1536	1267	118	903	8655	918	908	12136	8641	22184	16409	6060	19643
URS0000114737_10116:rRNA:Rattus_norvegicus	16S-rRNA	82081	73472	45477	33020	115588	28370	117539	23675	10275	56690	27002	105355	103924	14737	41235	12065	58213	69864	22430
URS0000121DBD_10116:rRNA:Rattus_norvegicus	NA	3	2	12	1	1	3	2	3	1	1	25	2	2	139	13	190	68	15	53
URS0000129B9F_10116:rRNA:Rattus_norvegicus	5S-rRNA	1290	1706	1936	1248	2033	940	1706	1294	125	946	8894	1021	966	12400	8802	22687	16659	6226	20289
URS000012BFBF_10116:rRNA:Rattus_norvegicus	NA	621	548	1008	312	805	547	1210	739	170	475	7062	928	789	13793	4081	24760	7279	2409	32400
URS0000184DE3_10116:rRNA:Rattus_norvegicus	5S-rRNA	1302	1714	2026	1269	2045	986	1660	1309	118	942	8764	961	973	12274	8749	22402	16802	6185	19789
URS00001AFCBA_10116:rRNA:Rattus_norvegicus	16S-rRNA	80803	72273	42516	31894	109816	26983	111904	22295	10110	54537	25316	104691	99571	13621	37445	10655	54605	67367	21932
URS00001C1BDA_10116:rRNA:Rattus_norvegicus	28S-rRNA	212	117	366	194	480	272	846	371	188	108	1506	762	357	2911	1640	5523	2210	762	11914
URS00001C66FD_10116:rRNA:Rattus_norvegicus	5S-rRNA	297	27	145	47	63	82	150	124	11	64	316	14	20	321	299	712	381	307	705
URS00001CAE00_10116:rRNA:Rattus_norvegicus	NA	770	340	1087	350	1021	709	1226	1452	246	552	3057	1591	1018	4330	3908	12094	5451	1854	27933
URS00001CFD3C_10116:rRNA:Rattus_norvegicus	16S-rRNA	16318	13606	22162	9509	20258	7350	28537	5786	834	10168	4749	3948	20711	4486	12823	5406	15994	11327	1464
URS00001D9CDD_10116:rRNA:Rattus_norvegicus	16S-rRNA	36031	31316	37187	22545	50201	17997	49201	14888	3276	24257	13249	17645	37817	10004	27646	8224	34259	34147	5351
URS00001E528E_10116:rRNA:Rattus_norvegicus	NA	13184	9427	21774	7414	18839	8263	27237	6673	798	8114	5157	5198	14159	5297	14317	5536	18370	12242	1946
URS00001F5E2D_10116:rRNA:Rattus_norvegicus	NA	1245	413	1694	379	945	709	1212	1398	225	677	4205	1698	483	8103	3610	29400	7775	2263	30365
URS0000233767_10116:rRNA:Rattus_norvegicus	18S-rRNA	300	118	363	134	293	338	622	116	60	245	1282	64	346	2323	1217	6981	1778	846	3043
URS0000246A92_10116:rRNA:Rattus_norvegicus	NA	138	88	246	53	122	50	108	278	61	63	4410	208	61	9262	1654	8971	2972	1046	13176
URS0000252518_10116:rRNA:Rattus_norvegicus	16S-rRNA	68712	63803	22358	24560	94070	20548	79314	17314	9502	46987	21254	101813	82262	9546	25167	5988	40575	59810	20829
URS00002E0D1E_10116:rRNA:Rattus_norvegicus	12S-rRNA	1001	1954	1911	718	5566	1711	1894	711	143	687	324	716	1668	583	1286	478	2825	1924	128
URS00002E5414_10116:rRNA:Rattus_norvegicus	12S-rRNA	1218	2397	2434	888	7609	2232	2480	825	187	872	394	835	2903	784	1670	655	3950	2395	139
URS0000315E21_10116:rRNA:Rattus_norvegicus	NA	1740	932	2679	1233	3075	2424	5728	4149	675	1844	12457	4558	3109	19645	20066	60316	33275	6387	190468
URS000032987A_10116:rRNA:Rattus_norvegicus	NA	2	2	12	1	1	2	1	4	0	1	57	1	1	166	38	148	107	28	210
URS00003C1820_10116:rRNA:Rattus_norvegicus	12S-rRNA	1027	2265	2064	776	7288	2111	2130	727	177	737	333	794	2595	717	1498	563	3663	2246	128
URS00003E4DE0_10116:rRNA:Rattus_norvegicus	NA	8983	5805	16764	4273	13242	6473	11665	21640	3891	6801	90276	28584	5834	170767	94755	524044	147995	41743	931041
URS00003ECA53_10116:rRNA:Rattus_norvegicus	NA	96	144	627	92	198	74	82	255	62	132	943	420	53	2093	1028	10037	2076	425	5188
URS000040AC5B_10116:rRNA:Rattus_norvegicus	NA	660	574	1153	338	883	567	1211	880	282	559	7899	995	854	16116	4261	30740	8317	2655	39366
URS000041298D_10116:rRNA:Rattus_norvegicus	16S-rRNA	94112	82153	61673	38464	128427	33498	132299	26984	10803	61773	29284	106781	117410	17945	49605	15978	70176	77972	23137
URS00004213B9_10116:rRNA:Rattus_norvegicus	NA	3641	2303	5279	1814	6063	3366	6219	8645	1280	2886	25175	9308	2884	55192	34228	161985	48767	13888	332111
URS000042A8D3_10116:rRNA:Rattus_norvegicus	16S-rRNA	39516	33165	42607	24393	52684	19254	54710	15126	3344	25138	13875	16146	42869	10821	30111	9126	36392	35058	5163
URS000042DA69_10116:rRNA:Rattus_norvegicus	12S-rRNA	294	270	473	157	396	117	390	147	11	197	73	29	187	67	231	73	289	145	8
URS0000430868_10116:rRNA:Rattus_norvegicus	NA	41680	35271	43007	25109	56188	20522	59819	16186	3610	27041	14655	23471	47475	11287	30737	9543	38861	37208	6108
URS000043C9DC_10116:rRNA:Rattus_norvegicus	NA	13772	9582	22626	7720	19388	8358	29049	6070	768	8435	5338	3349	15233	5464	15307	5646	18554	12398	1575
URS0000446A72_10116:rRNA:Rattus_norvegicus	12S-rRNA	1215	2396	2428	888	7609	2232	2480	825	187	872	394	835	2903	784	1670	653	3949	2393	139
URS000044CAB2_10116:rRNA:Rattus_norvegicus	NA	698	600	1178	348	889	585	1255	905	284	527	8414	1049	825	17710	4697	31079	8671	2834	38823
URS000045493D_10116:rRNA:Rattus_norvegicus	NA	35887	31115	37177	22456	49867	17887	48361	14885	3274	23971	13159	17516	37110	10001	27598	8215	34070	33959	5355
URS00004B2C76_10116:rRNA:Rattus_norvegicus	8S-rRNA	2592	1113	3598	1361	4728	3293	5517	6376	1007	2034	13262	8966	5129	33256	22702	94120	39890	8497	381981
URS000050CFBE_10116:rRNA:Rattus_norvegicus	NA	68712	63803	22358	24560	94068	20548	79314	17314	9502	46987	21254	101813	82262	9546	25167	5988	40575	59808	20829
URS000051C7BA_10116:rRNA:Rattus_norvegicus	NA	351	325	1530	266	704	233	335	1351	463	415	5118	3258	219	9679	3973	45800	8984	2159	35310
URS0000548AD6_10116:rRNA:Rattus_norvegicus	12S-rRNA	1215	2396	2428	888	7609	2232	2480	825	187	872	394	835	2906	784	1670	653	3949	2396	139
URS000055DB75_10116:rRNA:Rattus_norvegicus	18S-rRNA	6	2	12	1	4	4	15	4	1	2	18	2	4	40	15	197	44	15	77
URS0000563E48_10116:rRNA:Rattus_norvegicus	12S-rRNA	1354	2525	2597	930	7751	2267	2616	844	188	914	422	837	2966	805	1773	680	4031	2443	140
URS00005BED90_10116:rRNA:Rattus_norvegicus	12S-rRNA	1201	839	2030	689	1668	657	2012	793	68	756	381	667	914	342	1043	447	1291	802	133
URS00005F96B4_10116:rRNA:Rattus_norvegicus	NA	342	134	416	146	341	370	726	171	68	262	1464	164	421	2828	1416	9083	2437	946	6467
URS0000600634_10116:rRNA:Rattus_norvegicus	NA	2	0	11	0	9	2	0	29	3	10	264	21	2	572	150	1488	269	167	2997
URS0000623A69_10116:rRNA:Rattus_norvegicus	5S-rRNA	1	0	0	0	0	0	0	0	0	0	2	0	1	4	3	11	6	2	18
URS0000623B20_10116:rRNA:Rattus_norvegicus	5S-rRNA	1	1	0	2	0	0	0	2	0	0	2	0	0	6	1	16	3	3	23
URS000062BB09_10116:rRNA:Rattus_norvegicus	5S-rRNA	108	271	193	139	147	79	30	63	5	86	793	34	50	1083	1025	2023	1199	666	1438
URS000062CBFC_10116:rRNA:Rattus_norvegicus	5S-rRNA	10	0	0	0	0	0	0	0	0	0	8	0	0	24	18	3	22	5	35
URS000062CFE8_10116:rRNA:Rattus_norvegicus	5S-rRNA	1	0	1	1	0	0	0	0	0	0	2	0	0	4	4	10	6	2	18
URS0000632A3B_10116:rRNA:Rattus_norvegicus	8S-rRNA	8	12	12	6	11	5	6	4	0	6	62	1	5	81	71	141	102	40	125
URS000063333F_10116:rRNA:Rattus_norvegicus	8S-rRNA	1	4	1	1	1	0	0	6	0	0	14	9	1	29	22	125	20	5	328
URS0000635CDE_10116:rRNA:Rattus_norvegicus	8S-rRNA	1	1	20	2	9	5	0	17	0	5	13	32	0	32	22	373	49	7	77
URS00006361DF_10116:rRNA:Rattus_norvegicus	8S-rRNA	12	17	24	7	16	9	10	19	0	11	96	13	8	138	141	362	187	63	420
URS000063BBCE_10116:rRNA:Rattus_norvegicus	5S-rRNA	5	0	2	1	8	2	1	10	0	4	10	12	3	16	10	38	9	16	190
URS000064027A_10116:rRNA:Rattus_norvegicus	5S-rRNA	221	399	462	244	438	187	233	212	15	176	1924	174	187	2673	2256	6099	3291	1475	4857
URS00006406EA_10116:rRNA:Rattus_norvegicus	8S-rRNA	80	40	175	50	76	89	42	65	4	51	294	61	53	430	373	1898	856	261	1459
URS0000643B88_10116:rRNA:Rattus_norvegicus	5S-rRNA	3	0	2	0	0	0	0	0	0	0	3	0	0	2	5	0	7	0	2
URS0000647009_10116:rRNA:Rattus_norvegicus	5S-rRNA	4	4	2	4	4	0	3	0	0	2	16	7	0	21	29	42	28	6	79
URS0000648714_10116:rRNA:Rattus_norvegicus	8S-rRNA	0	0	5	0	1	1	0	2	0	1	7	2	0	9	10	52	12	3	73
URS000064B988_10116:rRNA:Rattus_norvegicus	5S-rRNA	220	401	461	244	438	187	233	212	15	176	1930	174	185	2677	2261	6104	3294	1475	4866
URS0000655224_10116:rRNA:Rattus_norvegicus	5S-rRNA	3	4	4	2	2	1	2	1	0	1	30	0	1	31	23	31	39	18	42
URS000065F441_10116:rRNA:Rattus_norvegicus	5S-rRNA	4	0	0	0	0	0	2	1	0	0	2	0	0	3	6	4	4	2	5
URS00006600A3_10116:rRNA:Rattus_norvegicus	5S-rRNA	0	0	0	0	0	0	0	0	0	0	1	0	0	2	1	1	0	1	1
URS0000664B0F_10116:rRNA:Rattus_norvegicus	8S-rRNA	9	13	13	6	12	5	6	4	0	6	65	1	5	82	72	142	105	42	138
URS000066B264_10116:rRNA:Rattus_norvegicus	5S-rRNA	28	45	150	38	106	45	18	41	2	37	454	37	16	572	427	1940	649	263	1005
URS000066BFAD_10116:rRNA:Rattus_norvegicus	5S-rRNA	0	1	0	0	1	0	0	0	0	0	1	0	0	1	3	1	5	0	3
URS000066C2F6_10116:rRNA:Rattus_norvegicus	5S-rRNA	40	421	1121	114	291	124	171	249	12	50	466	710	548	916	769	1664	2627	289	5123
URS00006721F7_10116:rRNA:Rattus_norvegicus	8S-rRNA	4	8	7	4	4	3	3	1	0	2	32	0	3	35	38	46	52	24	24
URS00006747E1_10116:rRNA:Rattus_norvegicus	5S-rRNA	265	439	479	261	520	198	397	234	20	213	2149	267	240	2920	2403	6551	3502	1630	5466
URS0000675422_10116:rRNA:Rattus_norvegicus	5S-rRNA	3	0	2	0	5	0	0	0	0	0	7	4	0	13	17	19	15	4	27
URS0000678D83_10116:rRNA:Rattus_norvegicus	5S-rRNA	110	271	195	140	148	80	31	64	5	86	792	32	52	1081	1026	2043	1201	672	1439
URS0000681EA5_10116:rRNA:Rattus_norvegicus	8S-rRNA	8	12	12	6	11	5	6	4	0	6	62	1	5	81	71	145	102	40	125
URS00006851EC_10116:rRNA:Rattus_norvegicus	5S-rRNA	3	0	0	0	2	0	2	0	0	0	0	0	0	0	1	7	3	0	3
URS0000688048_10116:rRNA:Rattus_norvegicus	5S-rRNA	27	45	147	36	107	45	17	40	2	37	445	37	15	554	418	1920	634	247	989
URS000068BAC4_10116:rRNA:Rattus_norvegicus	8S-rRNA	0	0	5	0	1	1	0	2	0	1	6	2	0	9	9	51	11	3	19
URS000068DB7A_10116:rRNA:Rattus_norvegicus	8S-rRNA	1	1	1	1	1	0	0	1	0	0	3	0	0	7	5	22	5	2	16
URS000068E002_10116:rRNA:Rattus_norvegicus	8S-rRNA	59	23	134	42	52	80	21	27	4	30	189	16	20	259	214	1208	380	152	744
URS000068E2EB_10116:rRNA:Rattus_norvegicus	8S-rRNA	9	12	11	6	11	4	6	3	0	6	70	0	5	89	70	148	108	42	126
URS00006937AE_10116:rRNA:Rattus_norvegicus	5S-rRNA	2	4	0	0	0	0	0	0	0	0	15	0	0	9	29	12	17	4	105
URS0000698146_10116:rRNA:Rattus_norvegicus	8S-rRNA	64	32	142	45	58	79	25	38	4	32	226	21	24	294	254	1274	423	180	705
URS00006A2E5A_10116:rRNA:Rattus_norvegicus	5S-rRNA	4	1	0	0	2	0	3	2	0	0	25	0	0	22	18	24	33	8	33
URS00006A9618_10116:rRNA:Rattus_norvegicus	8S-rRNA	19	27	49	13	37	15	21	33	1	20	135	40	12	217	212	691	310	98	413
URS00006BEFCF_10116:rRNA:Rattus_norvegicus	5S-rRNA	7	10	106	19	71	31	2	27	1	23	188	31	2	245	234	1502	330	86	464
URS00006C471C_10116:rRNA:Rattus_norvegicus	5S-rRNA	3	2	5	7	4	0	7	0	0	3	62	0	4	111	53	65	58	13	31
URS00006C6C27_10116:rRNA:Rattus_norvegicus	5S-rRNA	3	0	0	0	0	0	0	0	0	0	2	0	0	10	1	7	5	4	17
URS00006CE1FB_10116:rRNA:Rattus_norvegicus	8S-rRNA	1280	647	1874	794	2480	1737	2669	2998	393	840	7504	5088	2539	20858	12908	65450	27708	4481	220193
URS00006D2DB5_10116:rRNA:Rattus_norvegicus	8S-rRNA	1	1	2	1	5	1	0	9	0	2	4	2	0	45	12	90	44	4	338
URS00006D6599_10116:rRNA:Rattus_norvegicus	5S-rRNA	2	0	0	0	0	0	0	0	0	0	0	0	0	0	0	0	0	0	0
URS00006DD1E4_10116:rRNA:Rattus_norvegicus	5S-rRNA	220	398	461	244	438	187	233	212	15	176	1924	174	185	2672	2256	6105	3290	1475	4861
URS00006E79BE_10116:rRNA:Rattus_norvegicus	8S-rRNA	2	4	8	2	2	3	1	1	0	1	23	0	2	20	21	49	28	15	30
URS00006E7A73_10116:rRNA:Rattus_norvegicus	5S-rRNA	43	68	175	52	140	54	46	48	3	47	585	43	37	736	598	2263	884	400	1452
URS00006EF96A_10116:rRNA:Rattus_norvegicus	5S-rRNA	165	297	373	183	324	145	172	139	10	130	1364	118	141	1810	1558	4454	2137	1142	3188
URS00006F129F_10116:rRNA:Rattus_norvegicus	5S-rRNA	64	99	217	77	180	78	78	73	5	60	758	65	60	1056	823	3035	1192	574	2016
URS00006F51B2_10116:rRNA:Rattus_norvegicus	8S-rRNA	15	22	37	9	28	12	17	23	1	15	112	32	10	173	180	506	251	82	340
URS00006F76D3_10116:rRNA:Rattus_norvegicus	5S-rRNA	29	46	149	38	108	45	18	41	2	38	458	37	17	580	435	1945	658	266	1027
URS00007049D1_10116:rRNA:Rattus_norvegicus	8S-rRNA	0	1	21	2	8	5	0	17	0	5	12	34	2	27	20	387	46	7	70
URS0000706122_10116:rRNA:Rattus_norvegicus	5S-rRNA	9	3	4	2	3	4	2	3	0	1	20	0	2	28	31	44	37	14	59
URS0000709ED9_10116:rRNA:Rattus_norvegicus	5S-rRNA	1	0	0	0	0	0	0	0	0	0	1	0	0	0	4	1	1	1	5
URS000070B001_10116:rRNA:Rattus_norvegicus	5S-rRNA	7	10	106	19	71	31	2	27	1	23	190	31	2	245	238	1493	336	86	466
URS0000713A83_10116:rRNA:Rattus_norvegicus	5S-rRNA	10	15	4	13	16	2	8	0	0	4	71	10	8	320	131	164	276	32	206
URS0000714871_10116:rRNA:Rattus_norvegicus	5S-rRNA	111	271	195	140	150	80	31	64	5	86	795	33	52	1084	1031	2056	1207	675	1467
URS000072278E_10116:rRNA:Rattus_norvegicus	8S-rRNA	61	23	137	43	54	81	23	30	4	31	192	18	26	292	231	1297	487	160	915
URS00007289C9_10116:rRNA:Rattus_norvegicus	8S-rRNA	5	11	9	5	5	3	3	6	0	2	46	4	4	60	53	128	69	29	218
URS000072D7A4_10116:rRNA:Rattus_norvegicus	5S-rRNA	28	48	148	38	116	47	18	43	2	37	473	39	22	593	435	2015	702	283	1092
URS000075E2C7_10116:rRNA:Rattus_norvegicus	NA	12626	7731	22206	6180	19570	10758	19239	29713	5343	9665	113097	39721	12612	224128	125105	659608	200926	54289	1395669
URS00007C4790_10116:rRNA:Rattus_norvegicus	12S-rRNA	917	641	1606	544	1498	637	1652	649	60	566	312	648	777	287	832	378	1117	767	125
URS00007CBB77_10116:rRNA:Rattus_norvegicus	16S-rRNA	12151	8258	20921	6401	17287	7128	27167	5769	673	7216	4620	3267	13248	4570	13119	5310	17201	10692	1463
URS00007CD0E6_10116:rRNA:Rattus_norvegicus	12S-rRNA	193	126	383	113	275	105	337	98	8	137	61	39	161	62	166	92	246	143	10
URS00007D4C97_10116:rRNA:Rattus_norvegicus	16S-rRNA	11882	8145	20448	6280	16962	7032	26759	5666	662	7092	4525	3225	12998	4486	12854	5192	16914	10500	1444
URS00007D6E2A_10116:rRNA:Rattus_norvegicus	12S-rRNA	1060	2263	2134	774	7374	2153	2233	696	177	716	351	811	2780	738	1546	607	3760	2302	131
URS00007DD4C2_10116:rRNA:Rattus_norvegicus	16S-rRNA	22038	16767	30431	13141	28925	11719	46131	8595	1205	14294	8176	6031	28606	7334	21683	7598	25471	17681	2296
URS00007E6FB4_10116:rRNA:Rattus_norvegicus	12S-rRNA	1060	2255	2126	774	7356	2150	2228	697	177	716	350	809	2778	737	1543	607	3742	2298	131
URS00007EFDFE_10116:rRNA:Rattus_norvegicus	12S-rRNA	874	585	1504	537	1255	522	1538	678	58	581	293	625	691	261	776	333	972	612	122
URS00007F72B6_10116:rRNA:Rattus_norvegicus	12S-rRNA	447	1946	1030	395	6406	1695	976	196	130	352	114	194	2062	521	948	302	2967	1776	15
URS000080C7DD_10116:rRNA:Rattus_norvegicus	12S-rRNA	1062	710	1860	648	1525	622	1875	774	66	714	353	664	851	322	939	420	1209	752	132
URS0000826BF9_10116:rRNA:Rattus_norvegicus	12S-rRNA	989	685	1726	600	1439	574	1750	731	63	640	330	655	799	298	875	371	1145	709	130
URS00008C43AE_10116:rRNA:Rattus_norvegicus	NA	9	0	6	2	1	1	4	14	0	2	557	1	1	1375	160	352	391	17	523
URS00008C4515_10116:rRNA:Rattus_norvegicus	NA	7	5	7	3	19	5	28	11	1	5	26	32	8	42	46	119	70	20	295
URS00008C45F1_10116:rRNA:Rattus_norvegicus	NA	1	0	1	0	0	0	0	0	0	3	9	3	0	72	7	51	14	1	15
URS00008C47B3_10116:rRNA:Rattus_norvegicus	NA	1	0	0	0	0	0	0	3	0	0	37	1	0	74	14	36	15	7	83
URS00008C529B_10116:rRNA:Rattus_norvegicus	NA	1	0	1	0	0	0	0	0	0	0	10	5	0	60	5	70	11	1	11
URS00008C52DA_10116:rRNA:Rattus_norvegicus	NA	9	0	6	2	1	1	4	14	0	2	557	1	1	1375	160	352	391	17	523
URS00008C5677_10116:rRNA:Rattus_norvegicus	NA	2	1	3	0	3	1	0	1	0	0	5	3	0	16	2	30	11	1	14
URS00008C59CC_10116:rRNA:Rattus_norvegicus	NA	1	0	1	0	0	0	0	0	0	0	11	0	0	66	5	50	15	1	12
URS00008C5C0D_10116:rRNA:Rattus_norvegicus	NA	9	1	8	1	2	1	5	15	1	2	558	4	1	1384	162	392	412	18	531
URS00008C6042_10116:rRNA:Rattus_norvegicus	NA	1	0	1	0	0	0	0	0	0	0	11	0	0	66	5	44	13	1	11
URS00008C6232_10116:rRNA:Rattus_norvegicus	NA	423	525	871	239	647	239	589	823	216	311	7500	838	287	15961	3669	23935	6795	2094	32143
URS00008C6266_10116:rRNA:Rattus_norvegicus	NA	8	1	10	0	4	4	0	7	0	3	5	10	1	81	11	360	84	10	247
URS00008C644C_10116:rRNA:Rattus_norvegicus	NA	9	14	38	4	26	3	12	36	12	4	1166	9	15	2750	564	2944	1231	318	3471
URS00008C6A58_10116:rRNA:Rattus_norvegicus	NA	233	288	448	119	283	108	203	425	151	125	4405	500	115	8417	1627	11659	3108	954	17986
URS00008C723E_10116:rRNA:Rattus_norvegicus	NA	1	0	1	0	0	0	0	0	0	0	13	0	0	71	5	64	15	1	14
URS00008C7868_10116:rRNA:Rattus_norvegicus	NA	435	530	892	243	676	245	621	859	220	320	7543	987	297	16066	3743	25072	6958	2130	33183
URS00008C78CD_10116:rRNA:Rattus_norvegicus	NA	32	18	45	12	42	15	31	81	7	17	104	204	13	263	130	1662	266	70	2059
URS00008C7CF0_10116:rRNA:Rattus_norvegicus	NA	338	464	753	205	555	192	439	701	210	298	6589	770	255	13536	2933	21701	5870	1730	30584
URS00008C7F7F_10116:rRNA:Rattus_norvegicus	NA	32	18	45	12	42	15	31	81	7	17	104	204	13	263	130	1664	266	70	2059
URS00008C8501_10116:rRNA:Rattus_norvegicus	NA	5	9	7	3	17	5	14	18	1	4	23	38	6	37	33	82	62	17	262
URS00008C8B6E_10116:rRNA:Rattus_norvegicus	NA	1	0	1	0	0	0	0	0	0	0	11	0	0	67	5	44	13	1	10
URS00008C9565_10116:rRNA:Rattus_norvegicus	NA	7	5	7	3	19	5	25	11	1	5	26	32	7	41	44	102	68	20	285
URS00008C96FC_10116:rRNA:Rattus_norvegicus	NA	2	0	2	0	0	0	0	1	0	0	1	1	0	6	2	34	10	1	13
URS00008CA36B_10116:rRNA:Rattus_norvegicus	NA	640	520	2114	365	1045	548	882	1805	576	642	8839	2749	371	16158	7390	51904	13449	3425	58747
URS00008CA49B_10116:rRNA:Rattus_norvegicus	NA	424	522	877	241	652	242	607	825	217	310	7501	883	293	15904	3687	24134	6840	2099	31721
URS00008CAA77_10116:rRNA:Rattus_norvegicus	NA	1013	774	3277	577	1545	691	1038	3003	749	999	14325	4179	560	34318	11206	109747	21786	5627	167956
URS00008CAD43_10116:rRNA:Rattus_norvegicus	NA	2	1	5	0	3	3	0	4	10	0	7	8	1	39	5	216	55	10	143
URS00008CB01C_10116:rRNA:Rattus_norvegicus	NA	589	527	1945	337	972	515	801	1540	543	563	8092	2128	351	14709	6842	48664	12703	3138	48670
URS00008CB13B_10116:rRNA:Rattus_norvegicus	NA	9	0	6	2	1	1	4	14	0	2	560	1	1	1375	160	356	391	17	524
URS00008CB4B4_10116:rRNA:Rattus_norvegicus	NA	2	7	3	1	2	1	0	2	76	0	109	0	0	187	31	141	73	27	187
URS00008CB5BD_10116:rRNA:Rattus_norvegicus	NA	328	312	712	172	503	188	519	705	187	257	6372	749	247	13909	3183	21697	6040	1804	27345
URS00008CB810_10116:rRNA:Rattus_norvegicus	NA	418	520	880	237	650	245	609	843	216	320	7520	1004	293	15965	3685	24868	6917	2104	32080
URS00008CBA26_10116:rRNA:Rattus_norvegicus	NA	0	1	8	0	3	3	2	3	0	0	3	10	3	40	3	238	66	10	208
URS00008CBDB7_10116:rRNA:Rattus_norvegicus	NA	609	540	2186	399	1018	510	826	1755	612	650	9018	2674	374	16465	7310	53470	13941	3423	54760
URS00008CC199_10116:rRNA:Rattus_norvegicus	NA	664	598	2355	413	1141	586	924	1910	523	702	10050	2700	443	19273	8093	64554	15913	3756	73246
URS00008CC51F_10116:rRNA:Rattus_norvegicus	NA	614	509	2018	347	1002	523	840	1704	558	596	8542	2610	358	15311	7133	48008	12958	3290	53164
URS00008CC58A_10116:rRNA:Rattus_norvegicus	NA	413	505	843	227	612	230	558	827	208	289	7347	966	260	15500	3574	23865	6570	2040	31966
URS00008CD1C6_10116:rRNA:Rattus_norvegicus	NA	7	5	8	3	20	5	28	13	1	5	31	35	8	57	48	167	76	21	339
URS00008CD9AE_10116:rRNA:Rattus_norvegicus	NA	551	534	2039	339	937	479	640	1459	573	576	6962	2424	327	13753	6284	48496	11972	2836	47264
URS00008CE58F_10116:rRNA:Rattus_norvegicus	NA	6	5	8	3	18	5	16	17	2	6	38	35	6	84	40	198	71	24	436
URS00008CE808_10116:rRNA:Rattus_norvegicus	NA	2	2	5	2	2	1	2	7	4	2	30	2	3	59	15	157	145	7	83
URS00008CF116_10116:rRNA:Rattus_norvegicus	NA	1	0	1	0	0	0	0	0	0	0	18	0	0	91	9	49	24	6	17
URS00008CF47F_10116:rRNA:Rattus_norvegicus	NA	357	469	779	217	577	202	485	727	214	294	6608	885	261	13563	3000	22301	5970	1758	30511
URS00008CF9CF_10116:rRNA:Rattus_norvegicus	NA	5	5	8	3	17	5	14	11	1	4	27	33	6	45	35	117	63	18	276
URS00008CFDE4_10116:rRNA:Rattus_norvegicus	NA	377	490	778	215	561	210	486	727	212	266	7105	824	242	15133	3374	22052	6220	1911	30063
URS00008D0477_10116:rRNA:Rattus_norvegicus	NA	7	5	8	3	20	5	28	13	1	5	31	35	8	57	48	167	76	21	339
URS00008D0F56_10116:rRNA:Rattus_norvegicus	NA	3955	2171	8117	1901	5799	2563	5302	11558	2404	2834	44345	17097	2611	95888	42677	299397	75996	20793	540936
URS00008D0FAE_10116:rRNA:Rattus_norvegicus	NA	166	279	411	105	259	89	130	323	156	105	2345	498	75	5927	1052	11206	2378	743	12421
URS00008D1573_10116:rRNA:Rattus_norvegicus	NA	330	456	738	208	550	192	462	654	209	280	6525	709	250	13330	2897	20670	5746	1703	28677
URS00008D160B_10116:rRNA:Rattus_norvegicus	NA	2	1	5	0	3	3	0	4	10	0	7	8	1	43	5	227	56	10	143
URS00008D1DEC_10116:rRNA:Rattus_norvegicus	NA	439	530	902	245	670	248	620	880	221	321	7562	1032	299	16082	3752	25569	7000	2133	33324
URS00008D1F6F_10116:rRNA:Rattus_norvegicus	NA	2	0	2	0	0	0	0	1	0	0	1	1	0	6	2	36	11	1	14
URS000090178B_10116:rRNA:Rattus_norvegicus	NA	1	0	0	0	0	0	0	0	2	0	5	0	0	10	4	2	5	2	5
URS0000902D09_10116:rRNA:Rattus_norvegicus	NA	54	77	128	36	93	46	26	41	4	29	302	56	22	413	255	933	377	147	491
URS0000909F75_10116:rRNA:Rattus_norvegicus	NA	0	0	0	0	0	0	0	0	0	0	49	3	0	54	9	68	18	3	140
URS000091179F_10116:rRNA:Rattus_norvegicus	NA	7098	5139	11749	3716	8236	3496	9175	3220	349	4014	2231	1999	4921	2130	6187	2849	7753	5697	690
URS0000914659_10116:rRNA:Rattus_norvegicus	NA	1	1	0	0	0	2	0	0	4	1	2	0	0	0	0	4	2	0	11
URS0000914707_10116:rRNA:Rattus_norvegicus	NA	6	3	3	3	2	4	0	2	0	0	1	0	0	8	4	24	7	2	11
URS00009173F1_10116:rRNA:Rattus_norvegicus	NA	5	8	8	1	2	2	1	7	3	0	98	2	1	449	33	520	79	22	762
URS0000919F5B_10116:rRNA:Rattus_norvegicus	NA	0	1	5	0	3	2	0	3	0	0	10	7	0	65	4	203	51	10	121
URS000091AE79_10116:rRNA:Rattus_norvegicus	NA	7	9	13	4	11	4	2	9	3	2	44	5	3	63	56	143	66	30	172
URS0000922651_10116:rRNA:Rattus_norvegicus	NA	2	2	5	2	2	1	2	7	4	2	32	2	3	59	13	149	137	7	63
URS000092A4E6_10116:rRNA:Rattus_norvegicus	NA	11	8	45	4	7	5	5	6	46	11	136	3	2	321	50	745	158	54	257
URS000092AD7A_10116:rRNA:Rattus_norvegicus	NA	2	0	2	0	0	0	0	0	0	0	9	0	0	10	2	28	6	1	25
URS00009365D8_10116:rRNA:Rattus_norvegicus	NA	1	2	0	1	4	1	0	0	0	2	1	0	0	2	0	6	5	0	1
URS0000937011_10116:rRNA:Rattus_norvegicus	NA	34	15	56	20	27	22	22	22	3	17	208	8	12	418	124	1195	234	98	664
URS000093AA4A_10116:rRNA:Rattus_norvegicus	NA	2	2	23	6	0	0	7	16	7	32	58	0	2	38	23	129	16	2	59
URS000093B363_10116:rRNA:Rattus_norvegicus	18S-rRNA	758	640	1292	375	1004	621	1394	1039	292	582	8853	1212	896	18648	5070	34115	9410	3055	41971
URS000093DFDB_10116:rRNA:Rattus_norvegicus	NA	1	0	0	0	0	0	0	0	0	0	0	0	0	0	0	0	0	0	0
URS000093E0CA_10116:rRNA:Rattus_norvegicus	NA	57	52	192	31	83	29	52	136	75	61	529	299	27	1319	433	4005	926	230	3314
URS0000943CF9_10116:rRNA:Rattus_norvegicus	NA	13	8	59	6	15	5	1	20	69	5	41	41	4	106	46	1061	122	26	1408
URS0000946A4E_10116:rRNA:Rattus_norvegicus	NA	1077	2266	2156	793	7429	2197	2293	709	177	733	371	812	2836	744	1585	619	3778	2318	135
URS000094A2F1_10116:rRNA:Rattus_norvegicus	5S-rRNA	65	151	115	74	72	41	16	27	3	45	412	20	33	508	499	928	615	412	770
URS000094BA1E_10116:rRNA:Rattus_norvegicus	NA	4	4	7	3	5	2	1	5	2	2	27	1	2	39	36	86	40	22	66
URS000094D92F_10116:rRNA:Rattus_norvegicus	NA	3	1	4	3	1	0	1	0	15	3	9	3	0	13	6	108	12	4	39
URS0000950074_10116:rRNA:Rattus_norvegicus	NA	0	0	14	1	4	1	11	4	1	2	6	12	2	25	9	212	25	8	55
URS00009545B3_10116:rRNA:Rattus_norvegicus	NA	7	11	68	7	12	5	8	36	11	14	140	30	2	132	96	1063	176	31	227
URS0000959A92_10116:rRNA:Rattus_norvegicus	8S-rRNA	0	0	5	0	1	1	0	2	0	1	7	2	0	10	10	55	13	8	75
URS0000959E4B_10116:rRNA:Rattus_norvegicus	NA	13	11	60	8	14	5	3	10	87	13	47	9	2	123	54	670	151	25	88
URS000095E0F7_10116:rRNA:Rattus_norvegicus	NA	4	12	11	2	6	1	3	6	5	5	119	2	0	166	90	919	148	42	386
URS0000960338_10116:rRNA:Rattus_norvegicus	NA	9	0	6	1	2	1	5	15	1	4	562	1	1	1394	161	390	403	18	566
URS0000968617_10116:rRNA:Rattus_norvegicus	NA	5	7	76	6	16	18	2	14	0	12	78	108	3	369	71	1290	384	60	478
URS000096C621_10116:rRNA:Rattus_norvegicus	NA	10	0	6	1	3	1	4	14	3	2	562	3	1	1377	161	446	400	18	548
URS0000970FEF_10116:rRNA:Rattus_norvegicus	NA	2	2	3	0	1	0	0	0	1	0	2	0	0	5	5	85	6	1	1
URS00009713B6_10116:rRNA:Rattus_norvegicus	NA	0	0	15	1	1	0	0	1	2	3	3	2	0	16	2	166	18	2	1
URS0000971876_10116:rRNA:Rattus_norvegicus	NA	8	8	73	9	20	13	4	24	1	9	108	62	3	257	93	1161	233	52	575
URS00009718EB_10116:rRNA:Rattus_norvegicus	NA	39	69	319	57	106	42	42	113	14	89	650	134	33	1475	487	5972	1259	237	2485
URS0000972191_10116:rRNA:Rattus_norvegicus	NA	3	3	10	1	1	1	1	2	0	2	14	0	1	35	25	88	28	9	38
URS000097262E_10116:rRNA:Rattus_norvegicus	NA	0	0	1	0	0	0	0	0	0	0	1	0	0	10	1	14	4	1	3
URS000097B3AD_10116:rRNA:Rattus_norvegicus	NA	80	19	65	20	53	29	123	145	15	39	393	138	20	696	727	2476	802	189	2984
URS000097CE27_10116:rRNA:Rattus_norvegicus	NA	15	15	98	12	19	8	4	19	19	18	114	25	2	319	130	1476	310	60	286
URS0000986811_10116:rRNA:Rattus_norvegicus	NA	4	5	26	3	6	5	2	6	2	3	97	4	2	149	54	355	96	23	292
URS000098B084_10116:rRNA:Rattus_norvegicus	NA	27	43	117	24	52	17	24	52	8	28	250	80	9	434	258	1695	418	103	1881
URS000099111D_10116:rRNA:Rattus_norvegicus	NA	0	0	2	0	1	0	0	3	3	0	6	0	0	15	5	37	7	2	31
URS00009958A8_10116:rRNA:Rattus_norvegicus	NA	27	30	80	21	36	17	14	35	104	14	381	36	15	568	473	2002	683	193	1266
URS0000996F1C_10116:rRNA:Rattus_norvegicus	NA	0	0	2	0	0	0	0	0	1	0	4	5	0	9	0	42	13	1	22
URS000099B10D_10116:rRNA:Rattus_norvegicus	NA	7	0	0	0	0	0	0	2	28	0	4	8	0	21	6	67	11	8	23
URS00009A56FA_10116:rRNA:Rattus_norvegicus	NA	2	1	8	0	1	0	0	2	6	0	8	1	0	24	9	186	20	3	22
URS00009A6DDE_10116:rRNA:Rattus_norvegicus	NA	0	0	5	0	4	0	0	3	2	0	38	5	0	28	7	163	26	5	78
URS00009A9134_10116:rRNA:Rattus_norvegicus	NA	1	0	0	1	0	1	1	1	0	5	1	0	0	2	1	4	7	0	1
URS00009AB5C8_10116:rRNA:Rattus_norvegicus	NA	1	1	0	0	0	0	0	0	1	0	0	0	0	0	0	0	0	0	10
URS00009ABAD4_10116:rRNA:Rattus_norvegicus	NA	0	0	0	0	0	0	0	0	6	0	17	0	0	4	7	14	4	3	12
URS00009DF75C_10116:rRNA:Rattus_norvegicus	16S-rRNA	94804	83337	63505	38539	130438	34838	132435	27714	10867	61946	29304	107306	118001	18272	49985	16122	72094	79407	23565
URS0000A01149_10116:rRNA:Rattus_norvegicus	12S-rRNA	1064	711	1867	648	1526	622	1875	775	66	715	353	664	851	322	940	422	1210	754	132
URS0000A2CCB3_10116:rRNA:Rattus_norvegicus	12S-rRNA	1093	780	1819	621	1514	593	1817	731	63	660	345	646	825	307	949	384	1164	715	129
URS0000A77880_10116:rRNA:Rattus_norvegicus	5S-rRNA	0	0	1	0	0	0	0	0	0	1	0	0	0	0	0	0	1	0	0
URS0000A7C552_10116:rRNA:Rattus_norvegicus	5S-rRNA	3	2	5	7	2	0	3	0	0	3	42	0	4	87	49	53	45	13	25
URS0000A7DDD5_10116:rRNA:Rattus_norvegicus	8S-rRNA	1	1	2	1	2	0	5	1	0	0	9	2	0	17	4	123	15	2	365
URS0000A83B84_10116:rRNA:Rattus_norvegicus	5S-rRNA	1	0	0	0	0	0	0	0	0	0	2	0	0	7	4	9	7	1	4
URS0000A85BB5_10116:rRNA:Rattus_norvegicus	5S-rRNA	14	25	26	20	46	9	10	17	0	19	90	9	9	121	118	623	157	82	378
URS0000A87AE8_10116:rRNA:Rattus_norvegicus	5S-rRNA	1	0	0	0	0	0	0	0	0	0	1	0	0	0	4	1	1	1	3
URS0000A8F16E_10116:rRNA:Rattus_norvegicus	8S-rRNA	19	27	48	13	37	15	21	32	1	20	134	39	12	215	211	680	308	98	409
URS0000A9646C_10116:rRNA:Rattus_norvegicus	5S-rRNA	4	0	2	2	2	4	2	0	10	0	26	0	0	32	29	63	54	15	13
URS0000A9702A_10116:rRNA:Rattus_norvegicus	5S-rRNA	2	2	1	1	1	0	0	1	0	0	6	0	0	10	10	2	9	5	12
URS0000A9CE04_10116:rRNA:Rattus_norvegicus	5S-rRNA	3	6	0	0	2	0	0	0	0	0	2	0	0	2	3	1	6	0	0
URS0000AA585F_10116:rRNA:Rattus_norvegicus	5S-rRNA	29	46	149	38	108	45	18	41	2	38	458	37	17	581	435	1945	660	267	1027
URS0000AA8500_10116:rRNA:Rattus_norvegicus	8S-rRNA	3	6	6	3	2	3	2	1	0	1	22	2	2	24	28	36	37	19	32
URS0000AA96E9_10116:rRNA:Rattus_norvegicus	5S-rRNA	2	4	4	0	2	0	4	5	0	2	2	5	2	25	6	25	23	2	84
URS0000AAC4EF_10116:rRNA:Rattus_norvegicus	5S-rRNA	2	0	4	3	2	0	8	0	0	0	7	0	3	9	8	22	24	11	17
URS0000AAD5EB_10116:rRNA:Rattus_norvegicus	5S-rRNA	5	0	2	5	8	2	3	10	0	4	10	12	3	33	15	47	22	16	195
URS0000AB0618_10116:rRNA:Rattus_norvegicus	5S-rRNA	2	0	0	0	0	0	0	0	0	0	15	0	0	6	0	9	2	0	6
URS0000C0A8F1_10116:rRNA:Rattus_norvegicus	NA	43	38	132	23	57	20	33	70	61	43	421	97	21	1050	278	2926	631	164	2124
URS0000C11264_10116:rRNA:Rattus_norvegicus	NA	66	42	103	26	89	59	61	126	15	37	241	162	34	536	833	2156	910	236	2374
URS0000C2BBCE_10116:rRNA:Rattus_norvegicus	NA	1	1	15	0	4	1	4	1	1	3	22	2	5	41	7	255	29	4	22
URS0000C2DE96_10116:rRNA:Rattus_norvegicus	NA	55	54	171	40	76	32	31	118	28	40	679	170	25	1046	773	3721	1269	327	2305
URS0000C36AD3_10116:rRNA:Rattus_norvegicus	NA	21	0	0	0	0	0	0	0	58	2	0	0	0	7	0	1	6	0	13
URS0000C3C9A2_10116:rRNA:Rattus_norvegicus	NA	1	0	0	0	0	0	0	0	3	0	5	0	0	5	0	13	6	1	25
URS0000C40E67_10116:rRNA:Rattus_norvegicus	NA	3	0	9	1	2	0	0	2	1	1	11	4	0	20	10	136	17	3	35
URS0000C4AE5E_10116:rRNA:Rattus_norvegicus	NA	1	0	1	1	0	1	1	1	0	5	1	0	0	2	1	2	8	0	1
URS0000C4B054_10116:rRNA:Rattus_norvegicus	NA	49	0	0	0	0	0	0	0	90	0	0	0	0	3	0	2	0	0	2
URS0000C5882C_10116:rRNA:Rattus_norvegicus	NA	83	25	95	28	60	33	103	126	14	39	499	90	23	776	848	2110	981	248	2605
URS0000C7E96E_10116:rRNA:Rattus_norvegicus	NA	1	1	2	0	0	0	0	3	1	1	2	0	0	10	0	75	16	2	6
URS0000C856B8_10116:rRNA:Rattus_norvegicus	NA	33	48	98	30	39	22	9	38	447	25	147	31	6	278	141	1752	330	72	718
URS0000CCF2F4_10116:rRNA:Rattus_norvegicus	NA	3	1	4	0	0	0	0	7	0	0	0	1	0	0	4	5	0	1	3
URS0000CCF48A_10116:rRNA:Rattus_norvegicus	28S-rRNA	10100	5779	18421	4764	15301	7492	14214	24253	4357	7431	90004	33156	7110	189251	107417	602886	165475	44107	1033013
URS0000CCF7C7_10116:rRNA:Rattus_norvegicus	NA	14486	7971	24775	6961	22423	12251	22929	33664	5942	10641	116639	45672	15045	252475	142405	762391	226846	59237	1592767
URS0000CCFE84_10116:rRNA:Rattus_norvegicus	NA	2	0	0	0	1	1	4	0	0	0	5	0	0	0	2	0	0	0	4
URS0000DD1D09_10116:rRNA:Rattus_norvegicus	NA	160	141	311	115	254	82	251	128	10	157	45	26	125	47	128	46	209	95	8
URS0000DD845D_10116:rRNA:Rattus_norvegicus	16S-rRNA	48	63	83	33	52	21	101	13	0	25	20	5	44	17	97	7	64	43	0
URS0000E15298_10116:rRNA:Rattus_norvegicus	16S-rRNA	7	0	0	0	2	0	0	0	0	0	0	0	0	0	0	0	2	0	0
URS00019F9DE3_10116:rRNA:Rattus_norvegicus	16S-rRNA	2	1	5	1	1	2	1	1	0	1	0	0	1	1	1	1	1	1	0
URS0001AE1A02_10116:rRNA:Rattus_norvegicus	NA	1	2	0	0	0	0	0	0	3	0	3	2	0	6	3	72	1	2	17
URS0001B0949E_10116:rRNA:Rattus_norvegicus	NA	9	0	6	2	1	1	4	14	0	2	557	1	1	1375	160	352	391	17	523
URS0001B16616_10116:rRNA:Rattus_norvegicus	NA	1	0	0	0	0	0	0	0	1	0	16	0	0	47	9	21	16	4	47
URS0001B4B318_10116:rRNA:Rattus_norvegicus	NA	14	54	143	1	80	17	8	216	99	5	783	160	20	4846	397	2463	1916	1353	5088
URS0001BCA414_10116:rRNA:Rattus_norvegicus	NA	758	640	1292	375	1004	621	1394	1039	292	582	8853	1212	896	18648	5070	34115	9410	3055	41971
URS0001BCA45B_10116:rRNA:Rattus_norvegicus	NA	315	274	481	170	400	118	452	151	11	202	76	28	187	67	236	74	292	148	9
URS0001BCA572_10116:rRNA:Rattus_norvegicus	NA	1242	1662	1907	1227	1943	924	1536	1267	118	903	8655	918	908	12136	8641	22184	16409	6060	19643
URS0002123178_10116:rRNA:Rattus_norvegicus	28S-rRNA	11428	6801	20943	5442	17855	8390	16123	28531	4804	8291	108412	41209	8526	221770	145142	702509	213562	52893	1264517
URS0002130150_10116:rRNA:Rattus_norvegicus	NA	5374	3673	12662	2932	9397	3755	6946	15262	2955	4067	68961	25491	4349	142159	93287	457379	138289	31882	773588
URS000223C24D_10116:rRNA:Rattus_norvegicus	16S-rRNA	17042	11485	26469	10819	23934	11146	34628	7424	951	11183	7166	5455	19997	7345	20926	6535	21800	15830	2291
URS0002278BC8_10116:rRNA:Rattus_norvegicus	NA	263	316	603	193	494	185	554	122	11	234	125	22	252	119	374	165	417	255	8
URS0002287507_10116:rRNA:Rattus_norvegicus	NA	263	316	603	193	493	185	554	122	11	234	125	24	252	119	374	165	417	255	8
URS000228796A_10116:rRNA:Rattus_norvegicus	NA	263	316	603	193	493	185	554	122	11	234	125	22	252	119	374	165	417	255	8
URS000228A1BB_10116:rRNA:Rattus_norvegicus	NA	267	316	608	193	493	185	554	122	11	234	125	24	252	119	374	165	417	255	8
URS00022925B6_10116:rRNA:Rattus_norvegicus	NA	268	316	604	196	494	187	555	122	11	234	125	22	252	119	374	167	417	257	8
URS0002294733_10116:rRNA:Rattus_norvegicus	NA	263	316	603	193	493	185	554	122	11	234	125	22	252	119	374	165	417	255	8
URS0002297ABB_10116:rRNA:Rattus_norvegicus	NA	263	316	603	193	493	185	554	122	11	234	125	22	252	119	374	165	417	255	8
URS00022994C8_10116:rRNA:Rattus_norvegicus	NA	263	316	603	193	493	185	554	122	11	234	125	22	252	119	374	165	417	255	8
URS00022A17B0_10116:rRNA:Rattus_norvegicus	NA	263	316	603	193	493	185	554	122	11	234	125	22	252	119	374	165	417	255	8
URS00002C8A7A_10116:rRNA:Rattus_norvegicus	NA	0	2	2	0	0	0	0	0	0	0	0	0	0	0	0	0	0	0	0
URS0000624052_10116:rRNA:Rattus_norvegicus	5S-rRNA	0	2	1	0	0	0	1	0	0	0	1	0	0	1	2	5	1	1	2
URS0000624D2F_10116:rRNA:Rattus_norvegicus	5S-rRNA	0	1	1	0	0	0	0	0	0	0	0	0	0	0	2	0	0	0	0
URS00006807E5_10116:rRNA:Rattus_norvegicus	5S-rRNA	0	2	0	0	0	0	0	0	0	0	6	0	0	37	9	14	26	4	31
URS0000681A1A_10116:rRNA:Rattus_norvegicus	5S-rRNA	0	1	0	0	0	0	7	0	0	2	27	0	0	13	13	15	50	8	6
URS000068F315_10116:rRNA:Rattus_norvegicus	5S-rRNA	0	3	5	0	2	6	0	6	0	5	23	10	8	20	9	55	64	19	143
URS000069430C_10116:rRNA:Rattus_norvegicus	5S-rRNA	0	2	0	0	2	0	0	0	0	0	0	0	0	10	0	11	4	0	4
URS00006E151D_10116:rRNA:Rattus_norvegicus	5S-rRNA	0	0	0	0	0	0	0	0	0	0	1	0	0	1	1	3	1	0	1
URS00006F66E4_10116:rRNA:Rattus_norvegicus	5S-rRNA	0	2	0	0	0	0	0	0	0	0	2	0	4	23	8	10	7	0	42
URS000071A993_10116:rRNA:Rattus_norvegicus	5S-rRNA	0	8	3	2	3	5	4	0	0	5	18	0	6	179	84	77	163	68	21
URS0000904CD8_10116:rRNA:Rattus_norvegicus	NA	0	1	5	0	3	2	0	3	0	0	0	7	1	32	1	187	52	10	116
URS0000926ECF_10116:rRNA:Rattus_norvegicus	NA	0	0	1	0	0	0	0	0	69	0	0	0	0	1	1	6	1	0	1
URS0000999CE1_10116:rRNA:Rattus_norvegicus	NA	0	1	0	0	0	0	0	2	0	0	2	0	0	9	3	1	0	0	8
URS0000A7EBD1_10116:rRNA:Rattus_norvegicus	5S-rRNA	0	1	0	0	0	0	0	0	0	0	0	0	0	0	1	2	1	0	4
URS0000A801E0_10116:rRNA:Rattus_norvegicus	5S-rRNA	0	1	0	0	0	0	0	0	0	0	0	0	0	2	4	4	1	2	17
URS0000A8FEE8_10116:rRNA:Rattus_norvegicus	5S-rRNA	0	2	1	0	0	0	1	0	0	0	1	0	0	1	2	5	1	1	4
URS0000A91AD7_10116:rRNA:Rattus_norvegicus	5S-rRNA	0	2	4	0	2	3	4	6	2	0	15	13	7	41	19	33	29	6	121
URS0000AA3C3F_10116:rRNA:Rattus_norvegicus	5S-rRNA	0	2	0	0	0	0	0	0	0	0	2	0	2	0	3	17	9	6	4
URS0000AACD61_10116:rRNA:Rattus_norvegicus	5S-rRNA	0	2	0	0	1	0	0	0	0	0	3	0	0	39	16	11	22	9	7
URS0000C19245_10116:rRNA:Rattus_norvegicus	NA	0	1	8	0	1	1	0	1	2	0	8	1	0	35	8	182	30	3	13
URS000063428F_10116:rRNA:Rattus_norvegicus	5S-rRNA	0	0	3	1	0	0	0	0	0	0	6	0	9	5	2	10	10	7	32
URS000063F0BB_10116:rRNA:Rattus_norvegicus	5S-rRNA	0	0	2	2	3	0	2	2	0	0	15	0	7	19	26	11	15	12	39
URS000066171A_10116:rRNA:Rattus_norvegicus	5S-rRNA	0	0	0	0	0	0	0	0	0	0	0	0	0	0	0	0	0	0	0
URS000067CBAA_10116:rRNA:Rattus_norvegicus	5S-rRNA	0	0	0	0	0	0	0	1	0	0	2	0	0	0	0	0	0	0	0
URS000070E4C0_10116:rRNA:Rattus_norvegicus	5S-rRNA	0	0	0	0	0	0	0	0	0	0	1	0	0	3	2	5	1	1	1
URS0000944818_10116:rRNA:Rattus_norvegicus	NA	0	0	4	0	0	1	0	1	0	0	8	0	0	12	4	80	12	2	7
URS000097C230_10116:rRNA:Rattus_norvegicus	NA	0	0	0	0	0	0	0	0	0	0	7	0	0	38	2	9	5	0	2
URS00009A3A4F_10116:rRNA:Rattus_norvegicus	NA	0	0	1	1	0	1	0	0	0	0	0	0	0	0	1	0	0	0	0
URS0000A8379E_10116:rRNA:Rattus_norvegicus	5S-rRNA	0	0	0	0	0	0	0	0	0	0	0	0	0	0	0	0	0	0	0
URS0000A8FF34_10116:rRNA:Rattus_norvegicus	5S-rRNA	0	0	0	0	0	0	0	0	0	0	0	0	0	0	0	0	0	0	0
URS0000A91A3E_10116:rRNA:Rattus_norvegicus	5S-rRNA	0	0	0	0	0	0	0	0	0	0	0	0	0	0	0	0	0	0	0
URS0000A95F18_10116:rRNA:Rattus_norvegicus	5S-rRNA	0	0	0	0	0	0	0	0	0	0	0	0	0	0	0	0	0	0	0
URS0000A9F2FE_10116:rRNA:Rattus_norvegicus	5S-rRNA	0	0	0	0	0	0	0	0	0	0	0	0	0	0	0	0	0	0	0
URS0000C5C73F_10116:rRNA:Rattus_norvegicus	5S-rRNA	0	0	1	0	1	0	0	2	0	2	4	5	2	9	9	10	21	3	74
URS0000624939_10116:rRNA:Rattus_norvegicus	5S-rRNA	0	0	0	1	0	0	0	0	0	0	4	0	0	3	2	2	4	1	1
URS000062A825_10116:rRNA:Rattus_norvegicus	5S-rRNA	0	0	0	0	0	0	0	0	0	0	0	0	0	0	0	0	0	0	0
URS0000653B83_10116:rRNA:Rattus_norvegicus	8S-rRNA	0	0	1	0	1	1	0	1	0	1	2	2	0	8	5	38	5	2	27
URS000065DC7C_10116:rRNA:Rattus_norvegicus	5S-rRNA	0	0	0	0	0	0	0	0	0	0	1	0	0	2	0	3	8	2	13
URS0000678EB8_10116:rRNA:Rattus_norvegicus	5S-rRNA	0	0	0	0	2	0	0	0	0	0	0	0	0	7	2	6	11	0	0
URS0000681B77_10116:rRNA:Rattus_norvegicus	5S-rRNA	0	0	2	2	2	0	0	0	0	3	7	1	5	33	9	39	33	29	16
URS0000696584_10116:rRNA:Rattus_norvegicus	5S-rRNA	0	0	0	0	0	0	0	0	0	0	0	0	0	0	0	0	0	0	7
URS000069BC95_10116:rRNA:Rattus_norvegicus	5S-rRNA	0	0	0	0	0	0	0	0	0	0	0	0	0	0	0	2	0	0	1
URS000069D1DB_10116:rRNA:Rattus_norvegicus	5S-rRNA	0	0	0	0	0	0	0	0	0	0	0	0	0	2	2	0	0	2	0
URS00006AD00B_10116:rRNA:Rattus_norvegicus	5S-rRNA	0	0	0	0	0	0	0	0	0	0	4	0	0	7	4	4	12	2	0
URS00006B6765_10116:rRNA:Rattus_norvegicus	8S-rRNA	0	0	0	0	1	0	0	0	0	0	0	0	0	1	0	12	2	0	3
URS00006BD4AB_10116:rRNA:Rattus_norvegicus	5S-rRNA	0	0	0	0	0	0	0	2	0	0	2	0	0	0	0	2	2	2	5
URS00006C256D_10116:rRNA:Rattus_norvegicus	5S-rRNA	0	0	0	0	0	0	0	0	0	0	0	0	0	0	0	0	2	0	0
URS00006E1346_10116:rRNA:Rattus_norvegicus	5S-rRNA	0	0	0	0	0	0	0	0	0	0	3	0	0	2	2	0	2	0	4
URS00006ED305_10116:rRNA:Rattus_norvegicus	5S-rRNA	0	0	2	0	0	0	0	0	0	0	4	0	0	3	9	9	13	5	0
URS0000706CA2_10116:rRNA:Rattus_norvegicus	5S-rRNA	0	0	7	0	0	0	2	0	0	0	2	0	0	8	15	17	36	7	7
URS000070C9A9_10116:rRNA:Rattus_norvegicus	5S-rRNA	0	0	0	0	0	0	0	0	0	0	0	0	0	1	1	0	5	4	9
URS0000715956_10116:rRNA:Rattus_norvegicus	5S-rRNA	0	0	0	0	0	0	0	2	36	0	1	0	0	4	0	0	3	1	5
URS000071E304_10116:rRNA:Rattus_norvegicus	5S-rRNA	0	0	0	0	0	0	0	0	0	0	1	0	0	2	1	1	0	3	0
URS0000925652_10116:rRNA:Rattus_norvegicus	NA	0	0	1	0	0	0	0	0	0	0	0	0	0	1	0	3	6	0	1
URS0000945F96_10116:rRNA:Rattus_norvegicus	NA	0	0	1	0	0	0	0	0	0	0	0	0	0	1	0	3	6	0	1
URS000096AFD3_10116:rRNA:Rattus_norvegicus	NA	0	0	0	0	0	0	0	0	0	0	0	0	0	1	0	1	5	0	1
URS000096F134_10116:rRNA:Rattus_norvegicus	NA	0	0	0	0	0	0	0	0	0	0	0	0	0	1	0	1	4	0	3
URS000098E2E1_10116:rRNA:Rattus_norvegicus	NA	0	0	5	0	2	0	0	0	0	0	3	1	0	1	3	39	6	1	0
URS0000A84965_10116:rRNA:Rattus_norvegicus	5S-rRNA	0	0	0	0	0	0	0	0	0	0	0	0	0	1	2	5	0	2	0
URS0000A88543_10116:rRNA:Rattus_norvegicus	5S-rRNA	0	0	0	0	0	0	0	0	0	0	2	0	0	1	1	0	5	4	12
URS0000A8E573_10116:rRNA:Rattus_norvegicus	5S-rRNA	0	0	0	0	0	0	0	0	0	0	0	0	0	0	0	0	0	0	0
URS0000A914DF_10116:rRNA:Rattus_norvegicus	5S-rRNA	0	0	3	0	0	0	0	0	0	0	0	0	0	2	4	0	0	0	5
URS0000A982BA_10116:rRNA:Rattus_norvegicus	5S-rRNA	0	0	0	0	0	0	0	0	0	0	0	0	0	0	0	2	0	0	1
URS0000A9D5F4_10116:rRNA:Rattus_norvegicus	5S-rRNA	0	0	0	0	0	0	0	0	0	0	0	0	0	0	0	0	0	0	0
URS0000AA58C4_10116:rRNA:Rattus_norvegicus	5S-rRNA	0	0	2	0	0	0	0	0	0	0	0	0	0	0	0	0	0	0	0
URS0000AA9C46_10116:rRNA:Rattus_norvegicus	5S-rRNA	0	0	1	0	0	0	0	2	0	0	0	0	0	1	7	13	11	4	2
URS0000AABD2B_10116:rRNA:Rattus_norvegicus	5S-rRNA	0	0	0	0	0	0	0	0	0	0	0	0	0	0	0	0	0	0	0
URS0000AAD956_10116:rRNA:Rattus_norvegicus	5S-rRNA	0	0	0	1	0	0	0	0	0	0	4	0	0	3	2	2	4	1	1
URS0000BA7C32_10116:rRNA:Rattus_norvegicus	12S-rRNA	0	0	1	0	0	0	0	0	0	0	1	0	1	0	1	0	0	0	0
URS0000C71B19_10116:rRNA:Rattus_norvegicus	NA	0	0	0	0	0	0	0	0	0	0	0	0	0	1	0	6	5	0	1
URS0000627DC5_10116:rRNA:Rattus_norvegicus	5S-rRNA	0	0	0	0	0	0	0	0	0	0	2	0	0	0	0	0	0	0	0
URS0000643BB9_10116:rRNA:Rattus_norvegicus	5S-rRNA	0	0	0	0	0	0	0	0	0	0	0	0	0	0	1	1	1	0	1
URS0000695688_10116:rRNA:Rattus_norvegicus	5S-rRNA	0	0	0	0	0	0	0	0	0	0	2	0	0	1	0	8	0	0	2
URS000069C4F1_10116:rRNA:Rattus_norvegicus	5S-rRNA	0	0	0	0	0	0	0	0	0	0	1	0	0	0	3	1	1	1	3
URS00006A00A5_10116:rRNA:Rattus_norvegicus	8S-rRNA	0	0	0	0	0	0	0	0	0	0	0	0	0	0	0	5	0	0	6
URS00006A9DC1_10116:rRNA:Rattus_norvegicus	5S-rRNA	0	0	0	0	2	0	0	2	0	0	7	0	2	15	23	10	30	8	44
URS00006B4522_10116:rRNA:Rattus_norvegicus	5S-rRNA	0	0	0	0	0	0	0	0	0	0	0	0	0	0	0	1	0	0	1
URS00006C9565_10116:rRNA:Rattus_norvegicus	5S-rRNA	0	0	0	0	0	0	0	0	0	0	2	0	0	2	3	4	0	3	0
URS00006E1233_10116:rRNA:Rattus_norvegicus	8S-rRNA	0	0	2	0	0	0	0	0	0	0	5	0	0	5	10	6	6	2	13
URS00006E7723_10116:rRNA:Rattus_norvegicus	8S-rRNA	0	0	1	0	0	0	0	1	0	0	1	0	0	3	1	8	1	0	8
URS0000705351_10116:rRNA:Rattus_norvegicus	8S-rRNA	0	0	2	2	0	0	0	0	4	0	5	0	0	0	2	4	0	0	318
URS00007235A2_10116:rRNA:Rattus_norvegicus	5S-rRNA	0	0	0	0	0	0	0	0	45	0	1	0	0	1	4	1	2	2	2
URS0000919FA2_10116:rRNA:Rattus_norvegicus	NA	0	0	0	0	0	0	0	0	0	0	1	0	0	1	0	7	0	1	1
URS0000925E15_10116:rRNA:Rattus_norvegicus	NA	0	0	1	0	0	0	0	0	1	0	0	0	0	1	0	16	2	0	0
URS00009A9989_10116:rRNA:Rattus_norvegicus	NA	0	0	0	0	0	0	3	0	0	0	4	0	0	0	0	7	0	2	2
URS0000A78AC8_10116:rRNA:Rattus_norvegicus	5S-rRNA	0	0	0	0	0	0	0	0	0	0	0	0	0	0	0	0	0	0	0
URS0000A8041B_10116:rRNA:Rattus_norvegicus	5S-rRNA	0	0	0	0	0	0	0	0	0	0	1	0	0	0	0	0	0	0	0
URS0000A80920_10116:rRNA:Rattus_norvegicus	5S-rRNA	0	0	0	0	0	0	0	0	0	0	0	0	0	0	3	1	1	0	1
URS0000A8C614_10116:rRNA:Rattus_norvegicus	5S-rRNA	0	0	0	0	0	0	0	0	0	0	0	0	0	0	0	1	0	0	0
URS0000A948D2_10116:rRNA:Rattus_norvegicus	5S-rRNA	0	0	0	0	0	0	0	0	0	0	2	0	0	0	0	0	0	0	0
URS0000AA67D0_10116:rRNA:Rattus_norvegicus	5S-rRNA	0	0	0	0	0	0	0	0	0	0	2	0	0	0	0	0	0	0	0
URS0000AA9862_10116:rRNA:Rattus_norvegicus	5S-rRNA	0	0	0	0	0	0	0	0	0	0	0	0	0	0	0	1	1	0	1
URS0000AAB200_10116:rRNA:Rattus_norvegicus	5S-rRNA	0	0	0	0	0	0	0	0	0	0	2	0	0	0	0	1	0	0	0
URS0000AAE707_10116:rRNA:Rattus_norvegicus	5S-rRNA	0	0	0	0	0	0	0	0	0	0	0	0	0	0	0	1	1	0	0
URS0000C06CBD_10116:rRNA:Rattus_norvegicus	NA	0	0	0	0	0	0	0	0	0	0	7	0	0	38	2	3	4	0	2
URS0000A76E17_10116:rRNA:Rattus_norvegicus	NA	0	0	0	0	0	0	0	0	0	0	0	1	0	0	0	0	0	0	1
URS0000AAC98C_10116:rRNA:Rattus_norvegicus	5S-rRNA	0	0	0	0	0	0	0	2	0	0	0	3	0	4	2	2	5	0	11
URS0000CCF283_10116:rRNA:Rattus_norvegicus	NA	0	0	0	0	0	0	0	0	0	0	0	1	0	0	0	0	0	0	0
URS00005C0CAB_10116:rRNA:Rattus_norvegicus	NA	0	0	0	0	0	0	0	0	0	0	0	0	0	0	0	0	0	0	0
URS0000637711_10116:rRNA:Rattus_norvegicus	5S-rRNA	0	0	0	0	0	0	0	0	0	0	0	0	0	0	0	2	0	0	0
URS0000665078_10116:rRNA:Rattus_norvegicus	8S-rRNA	0	0	0	0	0	1	0	0	0	1	0	0	1	0	0	1	0	0	9
URS00006684C0_10116:rRNA:Rattus_norvegicus	5S-rRNA	0	0	0	0	0	0	0	0	0	0	0	0	3	0	1	2	0	0	0
URS00006856F4_10116:rRNA:Rattus_norvegicus	5S-rRNA	0	0	0	0	0	0	0	0	0	0	0	0	0	0	0	0	0	0	0
URS00006A440B_10116:rRNA:Rattus_norvegicus	8S-rRNA	0	0	0	0	0	1	0	0	0	1	0	0	1	0	0	4	0	0	13
URS00006BEF1B_10116:rRNA:Rattus_norvegicus	5S-rRNA	0	0	0	0	0	0	0	0	0	0	0	0	0	0	2	1	0	2	3
URS00006FAA83_10116:rRNA:Rattus_norvegicus	5S-rRNA	0	0	0	0	0	0	0	0	0	0	0	0	0	8	3	0	1	0	0
URS000070DFE6_10116:rRNA:Rattus_norvegicus	5S-rRNA	0	0	0	0	0	2	0	0	0	0	0	0	0	0	0	3	0	0	2
URS000071D14F_10116:rRNA:Rattus_norvegicus	5S-rRNA	0	0	0	0	0	0	0	0	0	0	0	0	0	0	0	2	0	0	0
URS00008C6B45_10116:rRNA:Rattus_norvegicus	NA	0	0	0	0	0	0	0	0	0	0	0	0	0	0	0	3	0	0	0
URS0000907B2E_10116:rRNA:Rattus_norvegicus	NA	0	0	0	0	0	0	0	1	0	0	0	0	0	0	0	3	0	0	0
URS000092BC50_10116:rRNA:Rattus_norvegicus	NA	0	0	0	0	0	0	0	0	0	0	0	0	0	0	0	6	1	0	0
URS0000986015_10116:rRNA:Rattus_norvegicus	NA	0	0	0	0	0	0	0	2	0	0	0	0	0	2	2	10	0	0	8
URS0000A78952_10116:rRNA:Rattus_norvegicus	5S-rRNA	0	0	0	0	0	0	0	0	0	0	0	0	0	0	0	1	0	0	0
URS0000A7BE3D_10116:rRNA:Rattus_norvegicus	5S-rRNA	0	0	0	0	0	0	0	0	0	0	0	0	0	0	0	0	0	0	18
URS0000A8007B_10116:rRNA:Rattus_norvegicus	5S-rRNA	0	0	0	0	0	0	0	0	0	0	0	0	0	1	0	1	0	0	2
URS0000A87FBF_10116:rRNA:Rattus_norvegicus	5S-rRNA	0	0	0	0	0	0	0	0	0	0	0	0	0	0	0	0	0	0	0
URS0000A9AFC8_10116:rRNA:Rattus_norvegicus	5S-rRNA	0	0	0	0	0	0	0	0	0	0	0	0	0	0	0	6	0	0	0
URS0000A9BECF_10116:rRNA:Rattus_norvegicus	5S-rRNA	0	0	0	0	0	0	0	0	0	0	0	0	0	0	0	0	1	0	1
URS0000AA7DAD_10116:rRNA:Rattus_norvegicus	5S-rRNA	0	0	0	0	0	0	0	0	0	0	0	0	0	0	2	9	2	0	6
URS0000CD08D2_10116:rRNA:Rattus_norvegicus	NA	0	0	0	0	0	0	0	0	0	0	0	0	0	2	0	0	0	0	4
URS0000683A56_10116:rRNA:Rattus_norvegicus	5S-rRNA	0	0	0	0	0	1	0	0	0	0	0	0	0	6	6	8	0	0	19
URS00006B792C_10116:rRNA:Rattus_norvegicus	5S-rRNA	0	0	0	0	0	0	0	0	0	0	0	0	0	0	0	0	0	0	0
URS0000A8E224_10116:rRNA:Rattus_norvegicus	5S-rRNA	0	0	0	0	0	0	0	0	0	0	0	0	0	1	0	6	0	1	5
URS0000A8EA3E_10116:rRNA:Rattus_norvegicus	5S-rRNA	0	0	0	0	0	0	0	0	0	0	0	0	0	0	0	0	0	0	0
URS0000A90765_10116:rRNA:Rattus_norvegicus	5S-rRNA	0	0	0	0	0	0	0	0	0	0	0	0	0	0	1	0	0	0	0
URS0000AA65F9_10116:rRNA:Rattus_norvegicus	5S-rRNA	0	0	0	0	0	0	0	0	0	0	0	0	0	0	0	0	0	0	0
URS0000AA87F7_10116:rRNA:Rattus_norvegicus	5S-rRNA	0	0	0	0	0	0	0	0	0	0	0	0	0	0	0	0	0	0	0
URS0000CD097D_10116:rRNA:Rattus_norvegicus	NA	0	0	0	1	2	0	0	0	0	0	0	0	0	0	2	0	4	0	2
URS000072DAA6_10116:rRNA:Rattus_norvegicus	5S-rRNA	0	0	0	0	0	0	0	0	0	0	0	0	0	0	0	0	0	0	0
URS0000A9413C_10116:rRNA:Rattus_norvegicus	5S-rRNA	0	0	0	0	0	0	0	0	0	0	0	0	0	0	0	0	0	0	0
URS0000AA92E4_10116:rRNA:Rattus_norvegicus	5S-rRNA	0	0	0	0	0	0	0	0	0	0	0	0	0	0	0	0	0	0	1
URS0000AAD12E_10116:rRNA:Rattus_norvegicus	5S-rRNA	0	0	0	0	0	0	0	0	0	0	0	0	0	0	0	0	0	0	0
URS0000A8E191_10116:rRNA:Rattus_norvegicus	5S-rRNA	0	0	0	0	0	0	0	0	0	0	0	0	3	0	0	0	0	0	0
URS000065E048_10116:rRNA:Rattus_norvegicus	5S-rRNA	0	0	0	0	0	0	0	0	0	0	0	0	0	1	1	0	0	0	3
URS000068B916_10116:rRNA:Rattus_norvegicus	5S-rRNA	0	0	0	0	0	0	0	0	0	0	0	0	0	1	1	1	0	0	0
URS000068E827_10116:rRNA:Rattus_norvegicus	5S-rRNA	0	0	0	0	0	0	0	0	0	0	0	0	0	1	1	0	0	0	1
URS00006C4DCA_10116:rRNA:Rattus_norvegicus	5S-rRNA	0	0	0	0	0	0	0	0	0	0	0	0	0	0	0	1	0	0	0
URS00006E7DF7_10116:rRNA:Rattus_norvegicus	5S-rRNA	0	0	0	0	1	1	0	0	0	0	0	0	0	3	0	3	0	0	2
URS00006F803A_10116:rRNA:Rattus_norvegicus	5S-rRNA	0	0	0	0	0	0	0	0	0	0	0	0	0	0	0	0	1	0	0
URS0000A79BF8_10116:rRNA:Rattus_norvegicus	5S-rRNA	0	0	0	0	0	0	0	0	0	0	0	0	0	0	0	0	1	0	0
URS0000A8A3E9_10116:rRNA:Rattus_norvegicus	5S-rRNA	0	0	0	0	0	0	0	0	0	0	0	0	0	1	0	0	0	0	0
URS0000A9B2DF_10116:rRNA:Rattus_norvegicus	5S-rRNA	0	0	0	0	0	0	0	0	0	0	0	0	0	0	0	0	0	0	0
URS0000AA4FCE_10116:rRNA:Rattus_norvegicus	5S-rRNA	0	0	0	0	0	0	0	0	0	0	0	0	0	2	0	2	0	0	0
URS00005988FB_10116:rRNA:Rattus_norvegicus	18S-rRNA	0	0	0	0	0	0	0	0	0	0	0	0	0	0	0	0	0	0	0
URS000062A51C_10116:rRNA:Rattus_norvegicus	5S-rRNA	0	0	0	0	0	0	0	0	0	0	0	0	0	0	1	2	0	0	3
URS0000635C2A_10116:rRNA:Rattus_norvegicus	5S-rRNA	0	0	0	0	0	0	0	0	0	0	0	0	0	0	3	0	2	0	2
URS00006B6798_10116:rRNA:Rattus_norvegicus	5S-rRNA	0	0	0	0	0	0	0	0	0	0	0	0	0	0	0	0	0	0	0
URS00006F2F3A_10116:rRNA:Rattus_norvegicus	5S-rRNA	0	0	0	0	0	0	0	0	0	0	0	0	0	0	1	0	0	0	0
URS00007131E0_10116:rRNA:Rattus_norvegicus	5S-rRNA	0	0	0	0	0	0	0	0	0	0	0	0	0	0	1	0	0	0	0
URS0000A7DFF6_10116:rRNA:Rattus_norvegicus	5S-rRNA	0	0	0	0	0	0	0	0	0	0	0	0	0	0	0	0	0	0	0
URS0000A867B3_10116:rRNA:Rattus_norvegicus	5S-rRNA	0	0	0	0	0	0	0	0	0	0	0	0	0	0	0	0	0	0	0
URS0000A96220_10116:rRNA:Rattus_norvegicus	5S-rRNA	0	0	0	0	0	0	0	0	0	0	0	0	0	0	0	0	0	0	0
URS0000A9F54D_10116:rRNA:Rattus_norvegicus	5S-rRNA	0	0	0	0	0	0	0	0	0	0	0	0	0	0	0	0	0	0	0
URS0000AA207D_10116:rRNA:Rattus_norvegicus	5S-rRNA	0	0	0	0	0	0	0	0	0	0	0	0	0	0	0	0	0	0	0
URS00006BC3EE_10116:rRNA:Rattus_norvegicus	5S-rRNA	0	0	0	0	0	0	0	0	0	0	0	0	0	0	0	0	0	0	0
URS00006E87D1_10116:rRNA:Rattus_norvegicus	5S-rRNA	0	0	0	0	0	0	0	0	0	0	0	0	0	0	0	0	0	0	0
URS0000A83360_10116:rRNA:Rattus_norvegicus	5S-rRNA	0	0	0	0	0	0	0	0	0	0	0	0	0	0	0	0	0	0	0
URS0000AA85EE_10116:rRNA:Rattus_norvegicus	5S-rRNA	0	0	0	0	0	0	0	0	0	0	0	0	0	0	0	0	0	0	0
URS0000AAEC73_10116:rRNA:Rattus_norvegicus	5S-rRNA	0	0	0	0	0	0	0	0	0	0	0	0	0	0	0	0	0	0	0
URS00006B2358_10116:rRNA:Rattus_norvegicus	5S-rRNA	0	0	0	0	0	0	0	0	0	0	0	0	0	0	0	0	3	0	0
URS0000A90B48_10116:rRNA:Rattus_norvegicus	5S-rRNA	0	0	0	0	0	0	0	0	0	0	0	0	0	0	0	5	0	0	0
URS0000AB0D86_10116:rRNA:Rattus_norvegicus	5S-rRNA	0	0	0	0	0	0	0	0	0	0	0	0	0	0	2	0	0	0	0
URS0000712292_10116:rRNA:Rattus_norvegicus	8S-rRNA	0	0	0	0	0	0	0	0	0	0	0	0	0	0	0	1	0	0	0
URS0000A36A41_10116:rRNA:Rattus_norvegicus	16S-rRNA	0	0	0	0	0	0	0	0	0	0	0	0	0	0	0	0	0	0	0
URS0000A7880E_10116:rRNA:Rattus_norvegicus	5S-rRNA	0	0	0	0	0	0	0	0	0	0	0	0	0	0	0	2	0	0	0
URS0000A7FA9C_10116:rRNA:Rattus_norvegicus	5S-rRNA	0	0	0	0	0	0	0	0	0	0	0	0	0	0	0	4	0	0	0
URS0000A83985_10116:rRNA:Rattus_norvegicus	5S-rRNA	0	0	0	0	0	0	0	0	0	0	0	0	0	0	0	1	0	0	1
URS0000A8D97B_10116:rRNA:Rattus_norvegicus	5S-rRNA	0	0	0	0	0	0	0	0	0	0	0	0	0	0	0	1	0	0	0
URS0000A92D37_10116:rRNA:Rattus_norvegicus	5S-rRNA	0	0	0	0	0	0	0	0	0	0	0	0	0	0	0	0	0	0	0
URS0000A9DC3D_10116:rRNA:Rattus_norvegicus	5S-rRNA	0	0	0	0	0	0	0	0	0	0	0	0	0	0	0	3	0	0	0
URS0000A9FAAF_10116:rRNA:Rattus_norvegicus	5S-rRNA	0	0	0	0	0	0	0	0	0	0	0	0	0	0	0	2	0	0	1
URS0000AA84AB_10116:rRNA:Rattus_norvegicus	5S-rRNA	0	0	0	0	0	0	0	0	0	0	0	0	0	0	0	1	0	0	0
URS0000AA4E49_10116:rRNA:Rattus_norvegicus	5S-rRNA	0	0	0	0	0	0	0	0	0	0	0	0	0	0	0	0	0	0	0
URS0000AA1E1E_10116:rRNA:Rattus_norvegicus	5S-rRNA	0	0	0	0	0	0	0	0	0	0	0	0	0	0	0	0	0	0	0
URS0000AAC201_10116:rRNA:Rattus_norvegicus	5S-rRNA	0	0	0	0	0	0	0	0	0	0	0	0	0	0	0	0	0	0	0
URS00006D1611_10116:rRNA:Rattus_norvegicus	5S-rRNA	0	0	0	0	0	0	0	0	0	0	0	0	0	0	0	0	2	0	0
URS0000A79221_10116:rRNA:Rattus_norvegicus	5S-rRNA	0	0	0	0	0	0	0	0	0	0	0	0	0	0	0	0	0	0	0
URS0000A9409C_10116:rRNA:Rattus_norvegicus	5S-rRNA	0	0	0	0	0	0	0	0	0	0	0	0	0	0	0	0	3	0	0
URS0000AA3E90_10116:rRNA:Rattus_norvegicus	5S-rRNA	0	0	0	0	0	0	0	0	0	0	0	0	0	0	0	0	1	0	0
URS0000AA7F45_10116:rRNA:Rattus_norvegicus	5S-rRNA	0	0	0	0	0	0	0	0	0	0	0	0	0	0	0	0	1	0	0
URS0000AAF052_10116:rRNA:Rattus_norvegicus	5S-rRNA	0	0	0	0	0	0	0	0	0	0	0	0	0	0	0	0	1	0	0
URS00006817B4_10116:rRNA:Rattus_norvegicus	5S-rRNA	0	0	0	0	0	0	0	0	0	0	0	0	0	0	0	0	0	0	0
URS0000A85A5A_10116:rRNA:Rattus_norvegicus	5S-rRNA	0	0	0	0	0	0	0	0	0	0	0	0	0	0	0	0	0	2	0
URS000063B5A2_10116:rRNA:Rattus_norvegicus	5S-rRNA	0	0	0	0	0	0	0	0	0	0	0	0	0	0	0	0	0	0	0
URS000067DC6B_10116:rRNA:Rattus_norvegicus	5S-rRNA	0	0	0	0	0	0	0	0	0	0	0	0	0	0	0	0	0	0	0
URS0000920ADA_10116:rRNA:Rattus_norvegicus	5S-rRNA	0	0	0	0	0	0	0	0	0	0	0	0	0	0	0	0	0	0	0
URS0000A783EB_10116:rRNA:Rattus_norvegicus	5S-rRNA	0	0	0	0	0	0	0	0	0	0	0	0	0	0	0	0	0	0	0
URS0000AAEAA5_10116:rRNA:Rattus_norvegicus	5S-rRNA	0	0	0	0	0	0	0	0	0	0	0	0	0	0	0	0	0	0	0
URS000062E11D_10116:rRNA:Rattus_norvegicus	5S-rRNA	0	0	0	0	0	0	0	0	0	0	0	0	0	0	0	0	0	0	0
URS0000A89516_10116:rRNA:Rattus_norvegicus	5S-rRNA	0	0	0	0	0	0	0	0	0	0	0	0	0	0	0	0	0	0	5
URS0000946879_10116:rRNA:Rattus_norvegicus	5S-rRNA	0	0	0	0	0	0	0	0	0	0	0	0	0	0	0	0	0	0	0
URS0000A83344_10116:rRNA:Rattus_norvegicus	5S-rRNA	0	0	0	0	0	0	0	0	0	0	0	0	0	0	0	0	0	0	2
URS0000A9F98A_10116:rRNA:Rattus_norvegicus	5S-rRNA	0	0	0	0	0	0	0	0	0	0	0	0	0	0	0	0	0	0	2
URS0000AA96DC_10116:rRNA:Rattus_norvegicus	5S-rRNA	0	0	0	0	0	0	0	0	0	0	0	0	0	0	0	0	0	0	0
URS0000AB1063_10116:rRNA:Rattus_norvegicus	5S-rRNA	0	0	0	0	0	0	0	0	0	0	0	0	0	0	0	0	0	0	0
URS000071C567_10116:rRNA:Rattus_norvegicus	5S-rRNA	0	0	0	0	0	0	0	0	0	0	0	0	0	0	0	0	0	0	0
