Sequence	Annotation	Library_01	Library_02	Library_09	Library_10	Library_17	Library_18	Library_25	Library_26	Library_33	Library_34	Library_07	Library_08	Library_15	Library_16	Library_23	Library_24	Library_31	Library_32	Library_39	Library_40
URS0000019E12_10116:rRNA:Rattus_norvegicus	12S-rRNA	1196	2394	2390	886	7586	2225	2402	820	186	865	254	519	674	1118	60	14	357	1009	199	494
URS00000351A9_10116:rRNA:Rattus_norvegicus	16S-rRNA	36059	31348	37180	22505	50289	17998	48876	14899	3274	24151	2696	6632	12839	19748	1445	253	8387	4645	6171	6736
URS00000382E0_10116:rRNA:Rattus_norvegicus	12S-rRNA	294	270	473	157	396	117	390	147	11	197	23	45	72	122	3	2	64	29	39	37
URS0000043A04_10116:rRNA:Rattus_norvegicus	NA	1060	2255	2127	774	7356	2150	2228	697	177	716	245	499	662	1040	58	12	329	993	175	491
URS000005149C_10116:rRNA:Rattus_norvegicus	16S-rRNA	91045	79480	60097	37040	125693	32494	127908	26352	10649	60098	7554	11439	32982	39368	2946	385	16275	6788	17658	24820
URS000006A105_10116:rRNA:Rattus_norvegicus	16S-rRNA	35872	31125	37168	22443	49836	17872	48160	14881	3274	23926	2693	6628	12790	19620	1442	253	8368	4644	6148	6725
URS0000070986_10116:rRNA:Rattus_norvegicus	NA	1087	963	1643	858	2382	1762	2773	2042	627	1405	35284	12290	21609	3653	5385	625	12548	22136	7548	9755
URS00000C0F0F_10116:rRNA:Rattus_norvegicus	NA	15	8	19	4	5	8	11	2	8	3	81	17	54	23	4	3	24	47	31	32
URS00000C930E_10116:rRNA:Rattus_norvegicus	NA	315	274	481	170	400	118	452	151	11	202	22	44	75	122	3	2	64	29	40	37
URS00000EB250_10116:rRNA:Rattus_norvegicus	5S-rRNA	118	15	68	18	29	33	56	55	4	30	403	182	229	120	42	9	147	555	274	120
URS00000F446C_10116:rRNA:Rattus_norvegicus	NA	3	2	12	1	1	2	4	2	0	1	51	25	53	43	3	1	32	54	26	12
URS00000F8D11_10116:rRNA:Rattus_norvegicus	18S-rRNA	17	10	18	7	13	7	5	23	4	4	364	117	243	42	72	4	140	342	36	66
URS00000F9D45_10116:rRNA:Rattus_norvegicus	NA	1242	1662	1907	1227	1943	924	1536	1267	118	903	6719	12203	18736	5253	964	317	8955	19980	3528	4213
URS0000114737_10116:rRNA:Rattus_norvegicus	16S-rRNA	82081	73472	45477	33020	115588	28370	117539	23675	10275	56690	6803	9093	29626	35872	2798	361	13625	5628	17074	24225
URS0000121DBD_10116:rRNA:Rattus_norvegicus	NA	3	2	12	1	1	3	2	3	1	1	87	42	100	46	3	2	41	62	27	22
URS0000129B9F_10116:rRNA:Rattus_norvegicus	5S-rRNA	1290	1706	1936	1248	2033	940	1706	1294	125	946	7128	12566	19104	5446	1020	323	9196	20574	3684	4419
URS000012BFBF_10116:rRNA:Rattus_norvegicus	NA	621	548	1008	312	805	547	1210	739	170	475	23361	11302	26319	5714	1610	332	10208	21732	7199	9265
URS0000184DE3_10116:rRNA:Rattus_norvegicus	5S-rRNA	1302	1714	2026	1269	2045	986	1660	1309	118	942	6804	12326	18905	5326	971	317	9011	20212	3551	4255
URS00001AFCBA_10116:rRNA:Rattus_norvegicus	16S-rRNA	80803	72273	42516	31894	109816	26983	111904	22295	10110	54537	6068	7880	26914	34166	2692	296	12849	4856	16278	22661
URS00001C1BDA_10116:rRNA:Rattus_norvegicus	28S-rRNA	212	117	366	194	480	272	846	371	188	108	4678	2158	3966	1406	521	47	2664	5601	1086	1085
URS00001C66FD_10116:rRNA:Rattus_norvegicus	5S-rRNA	297	27	145	47	63	82	150	124	11	64	442	204	265	151	47	11	182	608	312	135
URS00001CAE00_10116:rRNA:Rattus_norvegicus	NA	770	340	1087	350	1021	709	1226	1452	246	552	9074	5717	12751	1938	1291	194	4157	8983	2227	3754
URS00001CFD3C_10116:rRNA:Rattus_norvegicus	16S-rRNA	16318	13606	22162	9509	20258	7350	28537	5786	834	10168	1642	3592	6319	8222	393	130	4553	1916	2546	4753
URS00001D9CDD_10116:rRNA:Rattus_norvegicus	16S-rRNA	36031	31316	37187	22545	50201	17997	49201	14888	3276	24257	2706	6626	12829	19712	1451	253	8367	4646	6192	6789
URS00001E528E_10116:rRNA:Rattus_norvegicus	NA	13184	9427	21774	7414	18839	8263	27237	6673	798	8114	1772	4313	7677	8977	502	132	4576	2627	2228	2788
URS00001F5E2D_10116:rRNA:Rattus_norvegicus	NA	1245	413	1694	379	945	709	1212	1398	225	677	28183	7528	16493	4041	1820	278	6601	13154	4508	4943
URS0000233767_10116:rRNA:Rattus_norvegicus	18S-rRNA	300	118	363	134	293	338	622	116	60	245	6233	2242	4746	1009	291	169	2196	2810	1446	2539
URS0000246A92_10116:rRNA:Rattus_norvegicus	NA	138	88	246	53	122	50	108	278	61	63	8009	5822	12115	3736	901	138	6264	15539	4566	3000
URS0000252518_10116:rRNA:Rattus_norvegicus	16S-rRNA	68712	63803	22358	24560	94070	20548	79314	17314	9502	46987	4471	4378	20660	26114	2338	172	9022	2953	14168	18537
URS00002E0D1E_10116:rRNA:Rattus_norvegicus	12S-rRNA	1001	1954	1911	718	5566	1711	1894	711	143	687	186	374	535	860	52	12	303	777	163	308
URS00002E5414_10116:rRNA:Rattus_norvegicus	12S-rRNA	1218	2397	2434	888	7609	2232	2480	825	187	872	261	527	698	1127	60	14	363	1010	202	515
URS0000315E21_10116:rRNA:Rattus_norvegicus	NA	1740	932	2679	1233	3075	2424	5728	4149	675	1844	53288	31726	51522	11749	9326	1212	35094	46331	11466	35408
URS000032987A_10116:rRNA:Rattus_norvegicus	NA	2	2	12	1	1	2	1	4	0	1	152	37	143	48	7	1	20	316	124	56
URS00003C1820_10116:rRNA:Rattus_norvegicus	12S-rRNA	1027	2265	2064	776	7288	2111	2130	727	177	737	236	475	612	1011	57	12	304	977	176	468
URS00003E4DE0_10116:rRNA:Rattus_norvegicus	NA	8983	5805	16764	4273	13242	6473	11665	21640	3891	6801	568332	190855	419816	69544	71146	6208	180707	406404	89310	115101
URS00003ECA53_10116:rRNA:Rattus_norvegicus	NA	96	144	627	92	198	74	82	255	62	132	7880	1593	3108	985	233	71	1272	2900	847	691
URS000040AC5B_10116:rRNA:Rattus_norvegicus	NA	660	574	1153	338	883	567	1211	880	282	559	29756	13179	30671	6785	1965	378	12350	27142	8980	10886
URS000041298D_10116:rRNA:Rattus_norvegicus	16S-rRNA	94112	82153	61673	38464	128427	33498	132299	26984	10803	61773	7783	11819	33939	40930	2990	400	17063	6931	18252	25988
URS00004213B9_10116:rRNA:Rattus_norvegicus	NA	3641	2303	5279	1814	6063	3366	6219	8645	1280	2886	211964	68696	151355	21014	28925	2658	67446	135972	30389	47046
URS000042A8D3_10116:rRNA:Rattus_norvegicus	16S-rRNA	39516	33165	42607	24393	52684	19254	54710	15126	3344	25138	3055	7495	14350	20840	1426	281	9304	4954	6533	7262
URS000042DA69_10116:rRNA:Rattus_norvegicus	12S-rRNA	294	270	473	157	396	117	390	147	11	197	23	45	72	122	3	2	64	29	39	37
URS0000430868_10116:rRNA:Rattus_norvegicus	NA	41680	35271	43007	25109	56188	20522	59819	16186	3610	27041	3257	7697	15536	22252	1621	282	9644	5007	7044	8777
URS000043C9DC_10116:rRNA:Rattus_norvegicus	NA	13772	9582	22626	7720	19388	8358	29049	6070	768	8435	1850	4428	7969	9243	444	133	4791	2720	2328	3051
URS0000446A72_10116:rRNA:Rattus_norvegicus	12S-rRNA	1215	2396	2428	888	7609	2232	2480	825	187	872	260	527	698	1126	60	14	363	1010	202	515
URS000044CAB2_10116:rRNA:Rattus_norvegicus	NA	698	600	1178	348	889	585	1255	905	284	527	29475	13961	31792	7294	2072	412	13592	29003	9157	10778
URS000045493D_10116:rRNA:Rattus_norvegicus	NA	35887	31115	37177	22456	49867	17887	48361	14885	3274	23971	2690	6626	12806	19627	1442	253	8375	4648	6146	6749
URS00004B2C76_10116:rRNA:Rattus_norvegicus	8S-rRNA	2592	1113	3598	1361	4728	3293	5517	6376	1007	2034	84532	71662	108646	12538	13017	1273	56776	76395	12901	46714
URS000050CFBE_10116:rRNA:Rattus_norvegicus	NA	68712	63803	22358	24560	94068	20548	79314	17314	9502	46987	4471	4378	20660	26114	2338	172	9022	2953	14168	18537
URS000051C7BA_10116:rRNA:Rattus_norvegicus	NA	351	325	1530	266	704	233	335	1351	463	415	35882	8178	18063	4211	1786	332	6906	15236	4098	4061
URS0000548AD6_10116:rRNA:Rattus_norvegicus	12S-rRNA	1215	2396	2428	888	7609	2232	2480	825	187	872	260	527	698	1128	60	14	363	1010	202	515
URS000055DB75_10116:rRNA:Rattus_norvegicus	18S-rRNA	6	2	12	1	4	4	15	4	1	2	163	40	129	14	2	2	36	38	9	34
URS0000563E48_10116:rRNA:Rattus_norvegicus	12S-rRNA	1354	2525	2597	930	7751	2267	2616	844	188	914	268	544	734	1160	62	14	391	1022	214	529
URS00005BED90_10116:rRNA:Rattus_norvegicus	12S-rRNA	1201	839	2030	689	1668	657	2012	793	68	756	136	290	524	672	41	13	366	165	165	214
URS00005F96B4_10116:rRNA:Rattus_norvegicus	NA	342	134	416	146	341	370	726	171	68	262	8858	3026	7087	1169	414	186	2724	3664	1635	4183
URS0000600634_10116:rRNA:Rattus_norvegicus	NA	2	0	11	0	9	2	0	29	3	10	1584	443	1315	157	155	13	570	1841	414	382
URS0000623A69_10116:rRNA:Rattus_norvegicus	5S-rRNA	1	0	0	0	0	0	0	0	0	0	4	5	12	4	1	0	9	17	7	3
URS0000623B20_10116:rRNA:Rattus_norvegicus	5S-rRNA	1	1	0	2	0	0	0	2	0	0	14	1	13	1	0	0	10	5	0	0
URS000062BB09_10116:rRNA:Rattus_norvegicus	5S-rRNA	108	271	193	139	147	79	30	63	5	86	277	898	1163	635	103	30	771	1624	323	185
URS000062CBFC_10116:rRNA:Rattus_norvegicus	5S-rRNA	10	0	0	0	0	0	0	0	0	0	0	32	23	14	0	0	2	39	4	4
URS000062CFE8_10116:rRNA:Rattus_norvegicus	5S-rRNA	1	0	1	1	0	0	0	0	0	0	0	5	8	1	0	0	3	9	0	0
URS0000632A3B_10116:rRNA:Rattus_norvegicus	8S-rRNA	8	12	12	6	11	5	6	4	0	6	135	82	186	32	6	1	62	122	37	41
URS000063333F_10116:rRNA:Rattus_norvegicus	8S-rRNA	1	4	1	1	1	0	0	6	0	0	129	51	97	10	16	3	57	96	20	25
URS0000635CDE_10116:rRNA:Rattus_norvegicus	8S-rRNA	1	1	20	2	9	5	0	17	0	5	115	22	54	14	17	6	26	25	5	2
URS00006361DF_10116:rRNA:Rattus_norvegicus	8S-rRNA	12	17	24	7	16	9	10	19	0	11	236	133	291	60	30	4	128	233	60	54
URS000063BBCE_10116:rRNA:Rattus_norvegicus	5S-rRNA	5	0	2	1	8	2	1	10	0	4	64	23	60	10	20	0	31	27	25	13
URS000064027A_10116:rRNA:Rattus_norvegicus	5S-rRNA	221	399	462	244	438	187	233	212	15	176	1979	2578	4309	1317	278	81	2145	4584	912	876
URS00006406EA_10116:rRNA:Rattus_norvegicus	8S-rRNA	80	40	175	50	76	89	42	65	4	51	1008	563	1426	216	112	37	482	731	247	564
URS0000643B88_10116:rRNA:Rattus_norvegicus	5S-rRNA	3	0	2	0	0	0	0	0	0	0	4	4	4	0	0	0	0	3	0	0
URS0000647009_10116:rRNA:Rattus_norvegicus	5S-rRNA	4	4	2	4	4	0	3	0	0	2	33	19	55	13	3	1	21	26	7	13
URS0000648714_10116:rRNA:Rattus_norvegicus	8S-rRNA	0	0	5	0	1	1	0	2	0	1	25	11	32	5	2	1	7	12	2	2
URS000064B988_10116:rRNA:Rattus_norvegicus	5S-rRNA	220	401	461	244	438	187	233	212	15	176	1979	2577	4304	1321	278	81	2149	4596	913	877
URS0000655224_10116:rRNA:Rattus_norvegicus	5S-rRNA	3	4	4	2	2	1	2	1	0	1	19	22	49	17	6	1	15	63	25	11
URS000065F441_10116:rRNA:Rattus_norvegicus	5S-rRNA	4	0	0	0	0	0	2	1	0	0	0	2	3	0	0	0	4	6	1	1
URS00006600A3_10116:rRNA:Rattus_norvegicus	5S-rRNA	0	0	0	0	0	0	0	0	0	0	0	0	1	0	0	0	0	2	1	1
URS0000664B0F_10116:rRNA:Rattus_norvegicus	8S-rRNA	9	13	13	6	12	5	6	4	0	6	134	82	183	32	6	1	64	129	38	41
URS000066B264_10116:rRNA:Rattus_norvegicus	5S-rRNA	28	45	150	38	106	45	18	41	2	37	719	434	984	276	72	25	414	933	272	170
URS000066BFAD_10116:rRNA:Rattus_norvegicus	5S-rRNA	0	1	0	0	1	0	0	0	0	0	0	1	3	1	0	0	6	5	2	0
URS000066C2F6_10116:rRNA:Rattus_norvegicus	5S-rRNA	40	421	1121	114	291	124	171	249	12	50	4472	1244	15956	336	219	4	726	1463	298	1367
URS00006721F7_10116:rRNA:Rattus_norvegicus	8S-rRNA	4	8	7	4	4	3	3	1	0	2	21	33	59	17	2	0	23	51	15	9
URS00006747E1_10116:rRNA:Rattus_norvegicus	5S-rRNA	265	439	479	261	520	198	397	234	20	213	2394	2926	4651	1489	333	86	2367	5130	1063	1078
URS0000675422_10116:rRNA:Rattus_norvegicus	5S-rRNA	3	0	2	0	5	0	0	0	0	0	2	24	14	3	3	0	12	20	11	10
URS0000678D83_10116:rRNA:Rattus_norvegicus	5S-rRNA	110	271	195	140	148	80	31	64	5	86	294	900	1172	632	104	31	771	1625	323	187
URS0000681EA5_10116:rRNA:Rattus_norvegicus	8S-rRNA	8	12	12	6	11	5	6	4	0	6	134	80	186	32	6	1	75	126	37	41
URS00006851EC_10116:rRNA:Rattus_norvegicus	5S-rRNA	3	0	0	0	2	0	2	0	0	0	2	2	2	0	0	0	2	1	1	1
URS0000688048_10116:rRNA:Rattus_norvegicus	5S-rRNA	27	45	147	36	107	45	17	40	2	37	705	418	961	264	70	24	394	909	266	167
URS000068BAC4_10116:rRNA:Rattus_norvegicus	8S-rRNA	0	0	5	0	1	1	0	2	0	1	15	11	14	5	1	1	5	9	2	0
URS000068DB7A_10116:rRNA:Rattus_norvegicus	8S-rRNA	1	1	1	1	1	0	0	1	0	0	8	2	6	1	1	0	2	8	3	0
URS000068E002_10116:rRNA:Rattus_norvegicus	8S-rRNA	59	23	134	42	52	80	21	27	4	30	502	304	535	132	80	29	296	542	186	181
URS000068E2EB_10116:rRNA:Rattus_norvegicus	8S-rRNA	9	12	11	6	11	4	6	3	0	6	171	82	212	31	6	3	62	136	41	47
URS00006937AE_10116:rRNA:Rattus_norvegicus	5S-rRNA	2	4	0	0	0	0	0	0	0	0	9	14	22	9	0	0	5	31	5	2
URS0000698146_10116:rRNA:Rattus_norvegicus	8S-rRNA	64	32	142	45	58	79	25	38	4	32	513	317	556	154	91	30	307	562	216	180
URS00006A2E5A_10116:rRNA:Rattus_norvegicus	5S-rRNA	4	1	0	0	2	0	3	2	0	0	3	16	20	10	1	0	35	33	8	8
URS00006A9618_10116:rRNA:Rattus_norvegicus	8S-rRNA	19	27	49	13	37	15	21	33	1	20	303	219	441	95	29	9	177	275	64	59
URS00006BEFCF_10116:rRNA:Rattus_norvegicus	5S-rRNA	7	10	106	19	71	31	2	27	1	23	371	198	446	115	42	18	203	338	87	33
URS00006C471C_10116:rRNA:Rattus_norvegicus	5S-rRNA	3	2	5	7	4	0	7	0	0	3	2	37	53	51	4	2	61	63	11	2
URS00006C6C27_10116:rRNA:Rattus_norvegicus	5S-rRNA	3	0	0	0	0	0	0	0	0	0	4	7	6	3	1	0	1	6	5	1
URS00006CE1FB_10116:rRNA:Rattus_norvegicus	8S-rRNA	1280	647	1874	794	2480	1737	2669	2998	393	840	56688	48805	72305	7418	7354	749	36560	49564	7048	27993
URS00006D2DB5_10116:rRNA:Rattus_norvegicus	8S-rRNA	1	1	2	1	5	1	0	9	0	2	94	74	69	10	1	0	52	65	8	5
URS00006D6599_10116:rRNA:Rattus_norvegicus	5S-rRNA	2	0	0	0	0	0	0	0	0	0	0	3	0	0	0	0	0	0	0	0
URS00006DD1E4_10116:rRNA:Rattus_norvegicus	5S-rRNA	220	398	461	244	438	187	233	212	15	176	1973	2576	4308	1317	278	81	2147	4584	913	872
URS00006E79BE_10116:rRNA:Rattus_norvegicus	8S-rRNA	2	4	8	2	2	3	1	1	0	1	28	17	27	11	2	0	12	27	14	9
URS00006E7A73_10116:rRNA:Rattus_norvegicus	5S-rRNA	43	68	175	52	140	54	46	48	3	47	764	599	1261	353	83	26	550	1246	342	229
URS00006EF96A_10116:rRNA:Rattus_norvegicus	5S-rRNA	165	297	373	183	324	145	172	139	10	130	1478	1602	2851	965	195	59	1422	2899	699	582
URS00006F129F_10116:rRNA:Rattus_norvegicus	5S-rRNA	64	99	217	77	180	78	78	73	5	60	1091	858	1719	501	122	39	779	1766	453	378
URS00006F51B2_10116:rRNA:Rattus_norvegicus	8S-rRNA	15	22	37	9	28	12	17	23	1	15	241	183	370	81	21	6	141	227	56	62
URS00006F76D3_10116:rRNA:Rattus_norvegicus	5S-rRNA	29	46	149	38	108	45	18	41	2	38	720	435	995	276	72	25	413	945	275	174
URS00007049D1_10116:rRNA:Rattus_norvegicus	8S-rRNA	0	1	21	2	8	5	0	17	0	5	106	21	55	13	20	6	24	22	7	2
URS0000706122_10116:rRNA:Rattus_norvegicus	5S-rRNA	9	3	4	2	3	4	2	3	0	1	10	23	36	8	2	0	17	48	8	5
URS0000709ED9_10116:rRNA:Rattus_norvegicus	5S-rRNA	1	0	0	0	0	0	0	0	0	0	0	2	1	0	1	0	3	3	1	1
URS000070B001_10116:rRNA:Rattus_norvegicus	5S-rRNA	7	10	106	19	71	31	2	27	1	23	371	196	446	113	42	18	201	341	87	33
URS0000713A83_10116:rRNA:Rattus_norvegicus	5S-rRNA	10	15	4	13	16	2	8	0	0	4	26	124	160	57	5	0	72	312	45	28
URS0000714871_10116:rRNA:Rattus_norvegicus	5S-rRNA	111	271	195	140	150	80	31	64	5	86	293	913	1184	637	104	31	779	1634	323	191
URS000072278E_10116:rRNA:Rattus_norvegicus	8S-rRNA	61	23	137	43	54	81	23	30	4	31	626	442	826	152	82	30	314	615	205	212
URS00007289C9_10116:rRNA:Rattus_norvegicus	8S-rRNA	5	11	9	5	5	3	3	6	0	2	113	65	125	25	16	3	58	110	29	28
URS000072D7A4_10116:rRNA:Rattus_norvegicus	5S-rRNA	28	48	148	38	116	47	18	43	2	37	826	492	1055	278	74	25	426	1055	282	183
URS000075E2C7_10116:rRNA:Rattus_norvegicus	NA	12626	7731	22206	6180	19570	10758	19239	29713	5343	9665	692996	283188	571783	90508	87640	7996	255809	520324	113373	179184
URS00007C4790_10116:rRNA:Rattus_norvegicus	12S-rRNA	917	641	1606	544	1498	637	1652	649	60	566	114	248	456	573	39	11	305	178	127	182
URS00007CBB77_10116:rRNA:Rattus_norvegicus	16S-rRNA	12151	8258	20921	6401	17287	7128	27167	5769	673	7216	1708	3879	7152	8032	374	122	4028	2324	2093	2571
URS00007CD0E6_10116:rRNA:Rattus_norvegicus	12S-rRNA	193	126	383	113	275	105	337	98	8	137	23	47	82	114	3	1	61	27	26	31
URS00007D4C97_10116:rRNA:Rattus_norvegicus	16S-rRNA	11882	8145	20448	6280	16962	7032	26759	5666	662	7092	1681	3798	7027	7890	369	120	3932	2290	2062	2546
URS00007D6E2A_10116:rRNA:Rattus_norvegicus	12S-rRNA	1060	2263	2134	774	7374	2153	2233	696	177	716	245	499	663	1042	58	12	329	995	175	492
URS00007DD4C2_10116:rRNA:Rattus_norvegicus	16S-rRNA	22038	16767	30431	13141	28925	11719	46131	8595	1205	14294	2728	5872	11218	13172	645	198	6768	3341	3996	6512
URS00007E6FB4_10116:rRNA:Rattus_norvegicus	12S-rRNA	1060	2255	2126	774	7356	2150	2228	697	177	716	245	499	662	1040	58	12	329	993	175	491
URS00007EFDFE_10116:rRNA:Rattus_norvegicus	12S-rRNA	874	585	1504	537	1255	522	1538	678	58	581	107	226	407	527	36	12	279	126	126	169
URS00007F72B6_10116:rRNA:Rattus_norvegicus	12S-rRNA	447	1946	1030	395	6406	1695	976	196	130	352	152	291	276	602	24	2	89	877	88	331
URS000080C7DD_10116:rRNA:Rattus_norvegicus	12S-rRNA	1062	710	1860	648	1525	622	1875	774	66	714	128	273	488	638	39	13	338	153	152	201
URS0000826BF9_10116:rRNA:Rattus_norvegicus	12S-rRNA	989	685	1726	600	1439	574	1750	731	63	640	120	256	460	586	38	13	310	145	143	193
URS00008C43AE_10116:rRNA:Rattus_norvegicus	NA	9	0	6	2	1	1	4	14	0	2	159	394	528	715	35	25	503	1279	194	47
URS00008C4515_10116:rRNA:Rattus_norvegicus	NA	7	5	7	3	19	5	28	11	1	5	147	63	118	19	8	1	52	67	15	42
URS00008C45F1_10116:rRNA:Rattus_norvegicus	NA	1	0	1	0	0	0	0	0	0	3	50	11	20	31	1	1	23	27	10	2
URS00008C47B3_10116:rRNA:Rattus_norvegicus	NA	1	0	0	0	0	0	0	3	0	0	41	56	54	37	0	1	13	83	52	40
URS00008C529B_10116:rRNA:Rattus_norvegicus	NA	1	0	1	0	0	0	0	0	0	0	35	6	16	27	1	1	21	17	5	1
URS00008C52DA_10116:rRNA:Rattus_norvegicus	NA	9	0	6	2	1	1	4	14	0	2	157	394	528	715	35	25	503	1279	194	47
URS00008C5677_10116:rRNA:Rattus_norvegicus	NA	2	1	3	0	3	1	0	1	0	0	48	5	11	3	0	0	5	22	4	6
URS00008C59CC_10116:rRNA:Rattus_norvegicus	NA	1	0	1	0	0	0	0	0	0	0	43	9	20	29	1	1	22	22	9	2
URS00008C5C0D_10116:rRNA:Rattus_norvegicus	NA	9	1	8	1	2	1	5	15	1	2	187	401	534	718	36	26	510	1285	188	46
URS00008C6042_10116:rRNA:Rattus_norvegicus	NA	1	0	1	0	0	0	0	0	0	0	27	9	20	29	1	1	22	22	9	2
URS00008C6232_10116:rRNA:Rattus_norvegicus	NA	423	525	871	239	647	239	589	823	216	311	23150	11406	24706	6571	1835	251	11835	27455	8074	6721
URS00008C6266_10116:rRNA:Rattus_norvegicus	NA	8	1	10	0	4	4	0	7	0	3	321	44	120	9	3	1	18	117	4	48
URS00008C644C_10116:rRNA:Rattus_norvegicus	NA	9	14	38	4	26	3	12	36	12	4	2617	2249	4373	1574	151	44	3202	7347	2195	1175
URS00008C6A58_10116:rRNA:Rattus_norvegicus	NA	233	288	448	119	283	108	203	425	151	125	10203	5529	12657	3671	1112	101	5960	15370	5001	3313
URS00008C723E_10116:rRNA:Rattus_norvegicus	NA	1	0	1	0	0	0	0	0	0	0	37	8	15	28	1	1	23	19	5	1
URS00008C7868_10116:rRNA:Rattus_norvegicus	NA	435	530	892	243	676	245	621	859	220	320	24026	11571	25076	6612	1894	258	12004	27723	8115	6840
URS00008C78CD_10116:rRNA:Rattus_norvegicus	NA	32	18	45	12	42	15	31	81	7	17	1361	303	647	102	151	17	341	643	121	203
URS00008C7CF0_10116:rRNA:Rattus_norvegicus	NA	338	464	753	205	555	192	439	701	210	298	21273	9934	22175	5695	1596	200	9923	24210	7412	6248
URS00008C7F7F_10116:rRNA:Rattus_norvegicus	NA	32	18	45	12	42	15	31	81	7	17	1361	303	647	102	151	17	341	643	121	203
URS00008C8501_10116:rRNA:Rattus_norvegicus	NA	5	9	7	3	17	5	14	18	1	4	38	45	54	15	17	0	28	67	10	19
URS00008C8B6E_10116:rRNA:Rattus_norvegicus	NA	1	0	1	0	0	0	0	0	0	0	27	9	19	29	1	1	22	22	9	3
URS00008C9565_10116:rRNA:Rattus_norvegicus	NA	7	5	7	3	19	5	25	11	1	5	94	55	89	19	8	1	46	68	16	34
URS00008C96FC_10116:rRNA:Rattus_norvegicus	NA	2	0	2	0	0	0	0	1	0	0	28	7	9	2	1	0	2	14	1	2
URS00008CA36B_10116:rRNA:Rattus_norvegicus	NA	640	520	2114	365	1045	548	882	1805	576	642	56292	15643	32261	7780	3808	475	12972	30042	8477	7817
URS00008CA49B_10116:rRNA:Rattus_norvegicus	NA	424	522	877	241	652	242	607	825	217	310	22943	11362	24657	6558	1779	250	11748	27124	8036	6670
URS00008CAA77_10116:rRNA:Rattus_norvegicus	NA	1013	774	3277	577	1545	691	1038	3003	749	999	114727	34968	79744	13561	11987	1166	35584	84843	18545	21271
URS00008CAD43_10116:rRNA:Rattus_norvegicus	NA	2	1	5	0	3	3	0	4	10	0	179	35	86	3	3	1	14	103	7	31
URS00008CB01C_10116:rRNA:Rattus_norvegicus	NA	589	527	1945	337	972	515	801	1540	543	563	51355	14873	29975	7062	3165	417	11835	27213	6948	6882
URS00008CB13B_10116:rRNA:Rattus_norvegicus	NA	9	0	6	2	1	1	4	14	0	2	158	394	528	715	35	25	503	1279	194	47
URS00008CB4B4_10116:rRNA:Rattus_norvegicus	NA	2	7	3	1	2	1	0	2	76	0	101	131	262	112	6	4	135	493	207	85
URS00008CB5BD_10116:rRNA:Rattus_norvegicus	NA	328	312	712	172	503	188	519	705	187	257	20874	10029	21988	5592	1506	223	10228	24339	6947	5961
URS00008CB810_10116:rRNA:Rattus_norvegicus	NA	418	520	880	237	650	245	609	843	216	320	23505	11403	24777	6558	1791	256	11772	27110	8078	6720
URS00008CBA26_10116:rRNA:Rattus_norvegicus	NA	0	1	8	0	3	3	2	3	0	0	253	39	109	2	5	0	8	111	5	38
URS00008CBDB7_10116:rRNA:Rattus_norvegicus	NA	609	540	2186	399	1018	510	826	1755	612	650	57482	15759	32511	7940	3473	451	12679	29033	8300	7834
URS00008CC199_10116:rRNA:Rattus_norvegicus	NA	664	598	2355	413	1141	586	924	1910	523	702	68074	19303	39962	8946	4634	550	15376	36972	10145	10037
URS00008CC51F_10116:rRNA:Rattus_norvegicus	NA	614	509	2018	347	1002	523	840	1704	558	596	52576	14956	30671	7461	3378	425	11915	28420	7934	7137
URS00008CC58A_10116:rRNA:Rattus_norvegicus	NA	413	505	843	227	612	230	558	827	208	289	22327	11045	23840	6392	1854	250	11609	26944	7956	6459
URS00008CD1C6_10116:rRNA:Rattus_norvegicus	NA	7	5	8	3	20	5	28	13	1	5	179	67	130	23	10	1	59	77	21	46
URS00008CD9AE_10116:rRNA:Rattus_norvegicus	NA	551	534	2039	339	937	479	640	1459	573	576	50132	13794	27716	6684	2730	392	10538	26373	6615	6551
URS00008CE58F_10116:rRNA:Rattus_norvegicus	NA	6	5	8	3	18	5	16	17	2	6	177	64	109	33	28	5	75	98	53	50
URS00008CE808_10116:rRNA:Rattus_norvegicus	NA	2	2	5	2	2	1	2	7	4	2	156	47	108	22	1	2	23	106	37	33
URS00008CF116_10116:rRNA:Rattus_norvegicus	NA	1	0	1	0	0	0	0	0	0	0	36	15	28	39	1	1	22	79	16	3
URS00008CF47F_10116:rRNA:Rattus_norvegicus	NA	357	469	779	217	577	202	485	727	214	294	21393	9985	22322	5729	1664	209	10046	24376	7465	6230
URS00008CF9CF_10116:rRNA:Rattus_norvegicus	NA	5	5	8	3	17	5	14	11	1	4	60	44	62	18	10	1	34	59	16	24
URS00008CFDE4_10116:rRNA:Rattus_norvegicus	NA	377	490	778	215	561	210	486	727	212	266	21063	10715	23233	6205	1704	234	11164	26031	7596	6233
URS00008D0477_10116:rRNA:Rattus_norvegicus	NA	7	5	8	3	20	5	28	13	1	5	179	67	130	23	10	1	59	77	21	46
URS00008D0F56_10116:rRNA:Rattus_norvegicus	NA	3955	2171	8117	1901	5799	2563	5302	11558	2404	2834	332736	107242	245030	37446	40732	3607	104000	233059	47555	65861
URS00008D0FAE_10116:rRNA:Rattus_norvegicus	NA	166	279	411	105	259	89	130	323	156	105	8734	3981	7860	2388	876	108	4730	10038	2619	2036
URS00008D1573_10116:rRNA:Rattus_norvegicus	NA	330	456	738	208	550	192	462	654	209	280	20045	9702	21697	5638	1521	193	9731	23785	7354	6042
URS00008D160B_10116:rRNA:Rattus_norvegicus	NA	2	1	5	0	3	3	0	4	10	0	187	35	86	3	3	1	14	103	7	31
URS00008D1DEC_10116:rRNA:Rattus_norvegicus	NA	439	530	902	245	670	248	620	880	221	321	24166	11574	25164	6616	1887	264	11991	27574	8131	6835
URS00008D1F6F_10116:rRNA:Rattus_norvegicus	NA	2	0	2	0	0	0	0	1	0	0	29	7	7	2	1	0	2	14	1	2
URS000090178B_10116:rRNA:Rattus_norvegicus	NA	1	0	0	0	0	0	0	0	2	0	1	3	6	6	1	0	1	11	6	2
URS0000902D09_10116:rRNA:Rattus_norvegicus	NA	54	77	128	36	93	46	26	41	4	29	1008	300	772	296	28	9	261	671	243	102
URS0000909F75_10116:rRNA:Rattus_norvegicus	NA	0	0	0	0	0	0	0	0	0	0	29	57	84	63	0	0	78	223	31	3
URS000091179F_10116:rRNA:Rattus_norvegicus	NA	7098	5139	11749	3716	8236	3496	9175	3220	349	4014	674	1559	2555	3882	210	65	2063	1059	1005	935
URS0000914659_10116:rRNA:Rattus_norvegicus	NA	1	1	0	0	0	2	0	0	4	1	10	0	1	2	0	0	1	0	0	0
URS0000914707_10116:rRNA:Rattus_norvegicus	NA	6	3	3	3	2	4	0	2	0	0	13	1	6	1	0	3	1	6	0	1
URS00009173F1_10116:rRNA:Rattus_norvegicus	NA	5	8	8	1	2	2	1	7	3	0	570	310	473	175	60	11	616	827	162	146
URS0000919F5B_10116:rRNA:Rattus_norvegicus	NA	0	1	5	0	3	2	0	3	0	0	143	25	64	15	4	0	17	111	8	22
URS000091AE79_10116:rRNA:Rattus_norvegicus	NA	7	9	13	4	11	4	2	9	3	2	88	46	111	37	10	1	45	116	29	18
URS0000922651_10116:rRNA:Rattus_norvegicus	NA	2	2	5	2	2	1	2	7	4	2	159	43	101	22	1	2	23	103	33	33
URS000092A4E6_10116:rRNA:Rattus_norvegicus	NA	11	8	45	4	7	5	5	6	46	11	486	135	339	151	12	5	137	346	166	75
URS000092AD7A_10116:rRNA:Rattus_norvegicus	NA	2	0	2	0	0	0	0	0	0	0	26	9	12	4	0	0	2	12	7	4
URS00009365D8_10116:rRNA:Rattus_norvegicus	NA	1	2	0	1	4	1	0	0	0	2	8	1	6	1	0	0	0	10	0	1
URS0000937011_10116:rRNA:Rattus_norvegicus	NA	34	15	56	20	27	22	22	22	3	17	741	287	576	223	56	28	363	633	241	155
URS000093AA4A_10116:rRNA:Rattus_norvegicus	NA	2	2	23	6	0	0	7	16	7	32	238	9	50	58	2	5	21	27	31	3
URS000093B363_10116:rRNA:Rattus_norvegicus	18S-rRNA	758	640	1292	375	1004	621	1394	1039	292	582	32512	14820	33586	7702	2263	437	14432	30657	9682	11481
URS000093DFDB_10116:rRNA:Rattus_norvegicus	NA	1	0	0	0	0	0	0	0	0	0	0	0	0	0	0	0	0	0	0	0
URS000093E0CA_10116:rRNA:Rattus_norvegicus	NA	57	52	192	31	83	29	52	136	75	61	3741	973	2002	612	204	34	945	1799	519	525
URS0000943CF9_10116:rRNA:Rattus_norvegicus	NA	13	8	59	6	15	5	1	20	69	5	557	195	340	44	62	5	209	460	25	38
URS0000946A4E_10116:rRNA:Rattus_norvegicus	NA	1077	2266	2156	793	7429	2197	2293	709	177	733	245	511	684	1056	62	12	336	999	175	497
URS000094A2F1_10116:rRNA:Rattus_norvegicus	5S-rRNA	65	151	115	74	72	41	16	27	3	45	124	449	569	335	50	14	353	778	190	103
URS000094BA1E_10116:rRNA:Rattus_norvegicus	NA	4	4	7	3	5	2	1	5	2	2	37	31	60	20	4	1	24	61	19	8
URS000094D92F_10116:rRNA:Rattus_norvegicus	NA	3	1	4	3	1	0	1	0	15	3	61	8	20	7	7	0	7	12	7	2
URS0000950074_10116:rRNA:Rattus_norvegicus	NA	0	0	14	1	4	1	11	4	1	2	256	16	40	15	2	2	9	19	8	4
URS00009545B3_10116:rRNA:Rattus_norvegicus	NA	7	11	68	7	12	5	8	36	11	14	911	74	288	87	10	18	74	116	81	34
URS0000959A92_10116:rRNA:Rattus_norvegicus	8S-rRNA	0	0	5	0	1	1	0	2	0	1	38	14	50	7	2	1	7	13	2	22
URS0000959E4B_10116:rRNA:Rattus_norvegicus	NA	13	11	60	8	14	5	3	10	87	13	408	57	139	53	9	4	54	122	31	14
URS000095E0F7_10116:rRNA:Rattus_norvegicus	NA	4	12	11	2	6	1	3	6	5	5	936	313	492	76	9	3	181	406	79	142
URS0000960338_10116:rRNA:Rattus_norvegicus	NA	9	0	6	1	2	1	5	15	1	4	176	399	541	722	36	26	509	1299	191	48
URS0000968617_10116:rRNA:Rattus_norvegicus	NA	5	7	76	6	16	18	2	14	0	12	1168	175	495	100	97	7	125	482	82	123
URS000096C621_10116:rRNA:Rattus_norvegicus	NA	10	0	6	1	3	1	4	14	3	2	178	397	535	719	36	25	509	1288	191	48
URS0000970FEF_10116:rRNA:Rattus_norvegicus	NA	2	2	3	0	1	0	0	0	1	0	32	4	7	3	0	0	2	3	0	1
URS00009713B6_10116:rRNA:Rattus_norvegicus	NA	0	0	15	1	1	0	0	1	2	3	103	3	13	5	1	1	2	4	0	0
URS0000971876_10116:rRNA:Rattus_norvegicus	NA	8	8	73	9	20	13	4	24	1	9	678	181	345	142	42	9	154	439	137	95
URS00009718EB_10116:rRNA:Rattus_norvegicus	NA	39	69	319	57	106	42	42	113	14	89	5189	986	2292	697	109	39	812	1881	690	454
URS0000972191_10116:rRNA:Rattus_norvegicus	NA	3	3	10	1	1	1	1	2	0	2	50	27	43	23	2	1	20	54	15	8
URS000097262E_10116:rRNA:Rattus_norvegicus	NA	0	0	1	0	0	0	0	0	0	0	15	2	6	1	0	0	2	8	2	1
URS000097B3AD_10116:rRNA:Rattus_norvegicus	NA	80	19	65	20	53	29	123	145	15	39	1983	523	1129	331	178	28	507	1199	340	273
URS000097CE27_10116:rRNA:Rattus_norvegicus	NA	15	15	98	12	19	8	4	19	19	18	1067	198	410	155	19	11	187	374	79	63
URS0000986811_10116:rRNA:Rattus_norvegicus	NA	4	5	26	3	6	5	2	6	2	3	407	118	216	93	20	4	111	313	92	46
URS000098B084_10116:rRNA:Rattus_norvegicus	NA	27	43	117	24	52	17	24	52	8	28	2100	372	707	208	77	12	334	736	189	200
URS000099111D_10116:rRNA:Rattus_norvegicus	NA	0	0	2	0	1	0	0	3	3	0	39	5	17	4	1	0	8	28	7	5
URS00009958A8_10116:rRNA:Rattus_norvegicus	NA	27	30	80	21	36	17	14	35	104	14	1636	505	1189	296	51	12	336	1230	330	274
URS0000996F1C_10116:rRNA:Rattus_norvegicus	NA	0	0	2	0	0	0	0	0	1	0	28	5	7	2	1	0	13	28	3	3
URS000099B10D_10116:rRNA:Rattus_norvegicus	NA	7	0	0	0	0	0	0	2	28	0	52	12	31	3	2	0	16	28	10	6
URS00009A56FA_10116:rRNA:Rattus_norvegicus	NA	2	1	8	0	1	0	0	2	6	0	107	8	26	8	2	1	8	31	9	4
URS00009A6DDE_10116:rRNA:Rattus_norvegicus	NA	0	0	5	0	4	0	0	3	2	0	102	12	18	11	3	7	35	42	23	5
URS00009A9134_10116:rRNA:Rattus_norvegicus	NA	1	0	0	1	0	1	1	1	0	5	9	1	10	2	0	0	0	10	0	2
URS00009AB5C8_10116:rRNA:Rattus_norvegicus	NA	1	1	0	0	0	0	0	0	1	0	8	0	0	0	0	0	0	0	0	0
URS00009ABAD4_10116:rRNA:Rattus_norvegicus	NA	0	0	0	0	0	0	0	0	6	0	17	7	9	4	0	0	1	9	4	1
URS00009DF75C_10116:rRNA:Rattus_norvegicus	16S-rRNA	94804	83337	63505	38539	130438	34838	132435	27714	10867	61946	7807	12040	34353	41191	3022	400	17373	7199	18255	26128
URS0000A01149_10116:rRNA:Rattus_norvegicus	12S-rRNA	1064	711	1867	648	1526	622	1875	775	66	715	129	273	488	639	39	13	338	153	152	201
URS0000A2CCB3_10116:rRNA:Rattus_norvegicus	12S-rRNA	1093	780	1819	621	1514	593	1817	731	63	660	124	265	481	598	39	12	327	153	150	200
URS0000A77880_10116:rRNA:Rattus_norvegicus	5S-rRNA	0	0	1	0	0	0	0	0	0	1	0	0	0	0	0	0	0	0	0	0
URS0000A7C552_10116:rRNA:Rattus_norvegicus	5S-rRNA	3	2	5	7	2	0	3	0	0	3	2	29	42	41	4	2	46	56	11	2
URS0000A7DDD5_10116:rRNA:Rattus_norvegicus	8S-rRNA	1	1	2	1	2	0	5	1	0	0	104	45	99	8	1	0	58	74	8	25
URS0000A83B84_10116:rRNA:Rattus_norvegicus	5S-rRNA	1	0	0	0	0	0	0	0	0	0	0	4	2	2	0	0	3	3	2	0
URS0000A85BB5_10116:rRNA:Rattus_norvegicus	5S-rRNA	14	25	26	20	46	9	10	17	0	19	126	107	232	73	14	12	141	167	22	41
URS0000A87AE8_10116:rRNA:Rattus_norvegicus	5S-rRNA	1	0	0	0	0	0	0	0	0	0	0	2	1	0	1	0	3	3	1	1
URS0000A8F16E_10116:rRNA:Rattus_norvegicus	8S-rRNA	19	27	48	13	37	15	21	32	1	20	292	218	439	95	28	9	176	277	64	60
URS0000A9646C_10116:rRNA:Rattus_norvegicus	5S-rRNA	4	0	2	2	2	4	2	0	10	0	1	41	38	17	0	0	33	66	2	0
URS0000A9702A_10116:rRNA:Rattus_norvegicus	5S-rRNA	2	2	1	1	1	0	0	1	0	0	0	7	7	5	0	0	4	8	1	2
URS0000A9CE04_10116:rRNA:Rattus_norvegicus	5S-rRNA	3	6	0	0	2	0	0	0	0	0	0	3	2	2	0	0	2	2	0	0
URS0000AA585F_10116:rRNA:Rattus_norvegicus	5S-rRNA	29	46	149	38	108	45	18	41	2	38	724	435	995	276	72	25	413	949	275	176
URS0000AA8500_10116:rRNA:Rattus_norvegicus	8S-rRNA	3	6	6	3	2	3	2	1	0	1	19	27	37	13	2	0	16	34	13	7
URS0000AA96E9_10116:rRNA:Rattus_norvegicus	5S-rRNA	2	4	4	0	2	0	4	5	0	2	48	28	38	26	0	0	14	44	5	14
URS0000AAC4EF_10116:rRNA:Rattus_norvegicus	5S-rRNA	2	0	4	3	2	0	8	0	0	0	13	8	28	7	0	0	5	30	6	3
URS0000AAD5EB_10116:rRNA:Rattus_norvegicus	5S-rRNA	5	0	2	5	8	2	3	10	0	4	69	25	65	12	20	0	33	39	29	13
URS0000AB0618_10116:rRNA:Rattus_norvegicus	5S-rRNA	2	0	0	0	0	0	0	0	0	0	0	5	0	2	0	0	3	2	0	0
URS0000C0A8F1_10116:rRNA:Rattus_norvegicus	NA	43	38	132	23	57	20	33	70	61	43	2938	779	1600	492	127	23	783	1369	417	435
URS0000C11264_10116:rRNA:Rattus_norvegicus	NA	66	42	103	26	89	59	61	126	15	37	1697	428	1035	210	167	23	409	1111	254	274
URS0000C2BBCE_10116:rRNA:Rattus_norvegicus	NA	1	1	15	0	4	1	4	1	1	3	128	12	41	21	1	2	14	30	17	5
URS0000C2DE96_10116:rRNA:Rattus_norvegicus	NA	55	54	171	40	76	32	31	118	28	40	2715	812	1872	515	125	27	666	1952	591	394
URS0000C36AD3_10116:rRNA:Rattus_norvegicus	NA	21	0	0	0	0	0	0	0	58	2	0	2	0	2	0	0	0	0	3	0
URS0000C3C9A2_10116:rRNA:Rattus_norvegicus	NA	1	0	0	0	0	0	0	0	3	0	2	4	7	2	1	0	2	16	4	3
URS0000C40E67_10116:rRNA:Rattus_norvegicus	NA	3	0	9	1	2	0	0	2	1	1	75	8	25	10	3	1	11	18	9	3
URS0000C4AE5E_10116:rRNA:Rattus_norvegicus	NA	1	0	1	1	0	1	1	1	0	5	9	1	10	2	0	0	0	10	0	2
URS0000C4B054_10116:rRNA:Rattus_norvegicus	NA	49	0	0	0	0	0	0	0	90	0	0	0	0	0	0	0	0	0	0	0
URS0000C5882C_10116:rRNA:Rattus_norvegicus	NA	83	25	95	28	60	33	103	126	14	39	1818	597	1334	400	138	27	498	1688	461	352
URS0000C7E96E_10116:rRNA:Rattus_norvegicus	NA	1	1	2	0	0	0	0	3	1	1	49	5	11	2	0	0	8	13	1	5
URS0000C856B8_10116:rRNA:Rattus_norvegicus	NA	33	48	98	30	39	22	9	38	447	25	1069	170	373	121	25	10	130	344	91	47
URS0000CCF2F4_10116:rRNA:Rattus_norvegicus	NA	3	1	4	0	0	0	0	7	0	0	0	2	0	1	0	0	0	0	4	0
URS0000CCF48A_10116:rRNA:Rattus_norvegicus	28S-rRNA	10100	5779	18421	4764	15301	7492	14214	24253	4357	7431	648295	213038	476875	75103	71005	6489	198582	466637	94298	126134
URS0000CCF7C7_10116:rRNA:Rattus_norvegicus	NA	14486	7971	24775	6961	22423	12251	22929	33664	5942	10641	795039	321032	658950	99573	90071	8621	288746	600151	121993	203085
URS0000CCFE84_10116:rRNA:Rattus_norvegicus	NA	2	0	0	0	1	1	4	0	0	0	2	0	2	2	0	0	0	0	0	0
URS0000DD1D09_10116:rRNA:Rattus_norvegicus	NA	160	141	311	115	254	82	251	128	10	157	15	28	36	87	2	2	36	16	27	24
URS0000DD845D_10116:rRNA:Rattus_norvegicus	16S-rRNA	48	63	83	33	52	21	101	13	0	25	0	9	17	35	0	0	15	3	17	14
URS0000E15298_10116:rRNA:Rattus_norvegicus	16S-rRNA	7	0	0	0	2	0	0	0	0	0	0	0	0	0	0	0	0	0	0	0
URS00019F9DE3_10116:rRNA:Rattus_norvegicus	16S-rRNA	2	1	5	1	1	2	1	1	0	1	0	0	0	1	0	0	0	0	1	0
URS0001AE1A02_10116:rRNA:Rattus_norvegicus	NA	1	2	0	0	0	0	0	0	3	0	36	4	6	2	0	0	1	9	4	3
URS0001B0949E_10116:rRNA:Rattus_norvegicus	NA	9	0	6	2	1	1	4	14	0	2	157	394	528	715	35	25	503	1279	194	47
URS0001B16616_10116:rRNA:Rattus_norvegicus	NA	1	0	0	0	0	0	0	0	1	0	13	27	26	23	0	2	15	54	16	9
URS0001B4B318_10116:rRNA:Rattus_norvegicus	NA	14	54	143	1	80	17	8	216	99	5	2643	2083	4766	902	2349	31	1360	8965	555	1059
URS0001BCA414_10116:rRNA:Rattus_norvegicus	NA	758	640	1292	375	1004	621	1394	1039	292	582	32512	14820	33586	7702	2263	437	14432	30657	9682	11481
URS0001BCA45B_10116:rRNA:Rattus_norvegicus	NA	315	274	481	170	400	118	452	151	11	202	22	44	75	122	3	2	64	29	40	37
URS0001BCA572_10116:rRNA:Rattus_norvegicus	NA	1242	1662	1907	1227	1943	924	1536	1267	118	903	6719	12203	18736	5253	964	317	8955	19980	3528	4213
URS0002123178_10116:rRNA:Rattus_norvegicus	28S-rRNA	11428	6801	20943	5442	17855	8390	16123	28531	4804	8291	784226	259707	571460	87537	85015	7349	233900	551566	106803	147892
URS0002130150_10116:rRNA:Rattus_norvegicus	NA	5374	3673	12662	2932	9397	3755	6946	15262	2955	4067	483644	160445	350389	56387	46424	3921	140588	356501	64062	81002
URS000223C24D_10116:rRNA:Rattus_norvegicus	16S-rRNA	17042	11485	26469	10819	23934	11146	34628	7424	951	11183	2179	5776	9832	12590	730	169	7043	3671	2815	4390
URS0002278BC8_10116:rRNA:Rattus_norvegicus	NA	263	316	603	193	494	185	554	122	11	234	41	79	136	213	7	4	86	51	45	43
URS0002287507_10116:rRNA:Rattus_norvegicus	NA	263	316	603	193	493	185	554	122	11	234	41	79	136	213	7	4	77	51	45	43
URS000228796A_10116:rRNA:Rattus_norvegicus	NA	263	316	603	193	493	185	554	122	11	234	41	79	136	213	7	4	77	51	45	43
URS000228A1BB_10116:rRNA:Rattus_norvegicus	NA	267	316	608	193	493	185	554	122	11	234	41	79	136	213	7	4	77	51	45	43
URS00022925B6_10116:rRNA:Rattus_norvegicus	NA	268	316	604	196	494	187	555	122	11	234	41	79	136	213	7	4	77	51	45	43
URS0002294733_10116:rRNA:Rattus_norvegicus	NA	263	316	603	193	493	185	554	122	11	234	41	79	136	213	7	4	77	51	45	43
URS0002297ABB_10116:rRNA:Rattus_norvegicus	NA	263	316	603	193	493	185	554	122	11	234	41	79	136	213	7	4	77	51	45	43
URS00022994C8_10116:rRNA:Rattus_norvegicus	NA	263	316	603	193	493	185	554	122	11	234	41	79	136	213	7	4	77	51	45	43
URS00022A17B0_10116:rRNA:Rattus_norvegicus	NA	263	316	603	193	493	185	554	122	11	234	41	79	136	213	7	4	77	51	45	43
URS00002C8A7A_10116:rRNA:Rattus_norvegicus	NA	0	2	2	0	0	0	0	0	0	0	0	0	0	2	0	0	3	0	0	0
URS0000624052_10116:rRNA:Rattus_norvegicus	5S-rRNA	0	2	1	0	0	0	1	0	0	0	2	1	2	0	0	0	0	2	2	2
URS0000624D2F_10116:rRNA:Rattus_norvegicus	5S-rRNA	0	1	1	0	0	0	0	0	0	0	0	4	0	0	0	0	0	3	0	0
URS00006807E5_10116:rRNA:Rattus_norvegicus	5S-rRNA	0	2	0	0	0	0	0	0	0	0	62	12	44	0	0	0	4	18	7	32
URS0000681A1A_10116:rRNA:Rattus_norvegicus	5S-rRNA	0	1	0	0	0	0	7	0	0	2	4	2	20	10	0	0	8	18	10	1
URS000068F315_10116:rRNA:Rattus_norvegicus	5S-rRNA	0	3	5	0	2	6	0	6	0	5	58	33	91	7	7	0	30	81	4	22
URS000069430C_10116:rRNA:Rattus_norvegicus	5S-rRNA	0	2	0	0	2	0	0	0	0	0	2	11	1	2	0	0	0	18	0	0
URS00006E151D_10116:rRNA:Rattus_norvegicus	5S-rRNA	0	0	0	0	0	0	0	0	0	0	1	1	1	0	0	0	0	1	0	0
URS00006F66E4_10116:rRNA:Rattus_norvegicus	5S-rRNA	0	2	0	0	0	0	0	0	0	0	7	11	6	0	0	0	0	37	4	2
URS000071A993_10116:rRNA:Rattus_norvegicus	5S-rRNA	0	8	3	2	3	5	4	0	0	5	67	55	50	25	0	0	24	116	21	35
URS0000904CD8_10116:rRNA:Rattus_norvegicus	NA	0	1	5	0	3	2	0	3	0	0	145	26	64	3	3	0	7	92	0	20
URS0000926ECF_10116:rRNA:Rattus_norvegicus	NA	0	0	1	0	0	0	0	0	69	0	5	0	1	1	0	0	0	1	1	0
URS0000999CE1_10116:rRNA:Rattus_norvegicus	NA	0	1	0	0	0	0	0	2	0	0	12	5	12	7	0	0	5	16	2	0
URS0000A7EBD1_10116:rRNA:Rattus_norvegicus	5S-rRNA	0	1	0	0	0	0	0	0	0	0	0	0	1	0	0	0	0	0	1	1
URS0000A801E0_10116:rRNA:Rattus_norvegicus	5S-rRNA	0	1	0	0	0	0	0	0	0	0	4	2	4	0	0	0	0	3	0	0
URS0000A8FEE8_10116:rRNA:Rattus_norvegicus	5S-rRNA	0	2	1	0	0	0	1	0	0	0	2	3	6	0	0	0	0	2	2	2
URS0000A91AD7_10116:rRNA:Rattus_norvegicus	5S-rRNA	0	2	4	0	2	3	4	6	2	0	58	52	38	16	6	0	16	52	10	21
URS0000AA3C3F_10116:rRNA:Rattus_norvegicus	5S-rRNA	0	2	0	0	0	0	0	0	0	0	4	10	7	2	0	0	2	25	0	0
URS0000AACD61_10116:rRNA:Rattus_norvegicus	5S-rRNA	0	2	0	0	1	0	0	0	0	0	4	7	8	6	0	0	4	23	8	8
URS0000C19245_10116:rRNA:Rattus_norvegicus	NA	0	1	8	0	1	1	0	1	2	0	92	5	21	11	1	1	5	17	10	2
URS000063428F_10116:rRNA:Rattus_norvegicus	5S-rRNA	0	0	3	1	0	0	0	0	0	0	2	11	76	6	0	0	10	9	2	7
URS000063F0BB_10116:rRNA:Rattus_norvegicus	5S-rRNA	0	0	2	2	3	0	2	2	0	0	0	24	25	5	4	0	13	50	7	0
URS000066171A_10116:rRNA:Rattus_norvegicus	5S-rRNA	0	0	0	0	0	0	0	0	0	0	0	0	0	0	0	0	0	0	0	0
URS000067CBAA_10116:rRNA:Rattus_norvegicus	5S-rRNA	0	0	0	0	0	0	0	1	0	0	0	0	0	0	0	0	0	0	0	0
URS000070E4C0_10116:rRNA:Rattus_norvegicus	5S-rRNA	0	0	0	0	0	0	0	0	0	0	0	1	1	1	0	0	2	1	0	0
URS0000944818_10116:rRNA:Rattus_norvegicus	NA	0	0	4	0	0	1	0	1	0	0	78	4	16	10	1	1	6	12	6	1
URS000097C230_10116:rRNA:Rattus_norvegicus	NA	0	0	0	0	0	0	0	0	0	0	13	5	17	11	0	0	6	12	5	5
URS00009A3A4F_10116:rRNA:Rattus_norvegicus	NA	0	0	1	1	0	1	0	0	0	0	0	0	0	2	0	0	0	0	0	0
URS0000A8379E_10116:rRNA:Rattus_norvegicus	5S-rRNA	0	0	0	0	0	0	0	0	0	0	1	0	0	0	0	0	0	0	0	0
URS0000A8FF34_10116:rRNA:Rattus_norvegicus	5S-rRNA	0	0	0	0	0	0	0	0	0	0	0	0	0	0	0	0	0	0	0	0
URS0000A91A3E_10116:rRNA:Rattus_norvegicus	5S-rRNA	0	0	0	0	0	0	0	0	0	0	0	0	3	0	0	0	0	0	0	0
URS0000A95F18_10116:rRNA:Rattus_norvegicus	5S-rRNA	0	0	0	0	0	0	0	0	0	0	0	0	0	0	0	0	0	0	0	0
URS0000A9F2FE_10116:rRNA:Rattus_norvegicus	5S-rRNA	0	0	0	0	0	0	0	0	0	0	0	0	0	0	0	0	0	0	0	0
URS0000C5C73F_10116:rRNA:Rattus_norvegicus	5S-rRNA	0	0	1	0	1	0	0	2	0	2	29	19	23	4	1	0	7	19	6	5
URS0000624939_10116:rRNA:Rattus_norvegicus	5S-rRNA	0	0	0	1	0	0	0	0	0	0	0	1	6	2	0	0	1	2	1	0
URS000062A825_10116:rRNA:Rattus_norvegicus	5S-rRNA	0	0	0	0	0	0	0	0	0	0	0	0	0	0	0	0	0	0	0	0
URS0000653B83_10116:rRNA:Rattus_norvegicus	8S-rRNA	0	0	1	0	1	1	0	1	0	1	16	3	17	2	1	0	7	7	4	1
URS000065DC7C_10116:rRNA:Rattus_norvegicus	5S-rRNA	0	0	0	0	0	0	0	0	0	0	3	6	1	0	0	0	0	1	1	0
URS0000678EB8_10116:rRNA:Rattus_norvegicus	5S-rRNA	0	0	0	0	2	0	0	0	0	0	0	8	8	0	0	0	0	2	0	0
URS0000681B77_10116:rRNA:Rattus_norvegicus	5S-rRNA	0	0	2	2	2	0	0	0	0	3	1	25	22	0	4	0	4	34	2	8
URS0000696584_10116:rRNA:Rattus_norvegicus	5S-rRNA	0	0	0	0	0	0	0	0	0	0	0	0	0	0	0	0	0	1	0	0
URS000069BC95_10116:rRNA:Rattus_norvegicus	5S-rRNA	0	0	0	0	0	0	0	0	0	0	0	0	0	0	0	0	0	1	0	0
URS000069D1DB_10116:rRNA:Rattus_norvegicus	5S-rRNA	0	0	0	0	0	0	0	0	0	0	2	0	2	0	0	0	3	0	0	0
URS00006AD00B_10116:rRNA:Rattus_norvegicus	5S-rRNA	0	0	0	0	0	0	0	0	0	0	0	9	2	3	0	0	2	0	0	0
URS00006B6765_10116:rRNA:Rattus_norvegicus	8S-rRNA	0	0	0	0	1	0	0	0	0	0	3	0	2	1	0	0	1	4	0	0
URS00006BD4AB_10116:rRNA:Rattus_norvegicus	5S-rRNA	0	0	0	0	0	0	0	2	0	0	4	4	2	0	0	0	2	9	0	5
URS00006C256D_10116:rRNA:Rattus_norvegicus	5S-rRNA	0	0	0	0	0	0	0	0	0	0	0	0	0	0	0	0	2	0	0	0
URS00006E1346_10116:rRNA:Rattus_norvegicus	5S-rRNA	0	0	0	0	0	0	0	0	0	0	0	0	4	0	0	0	0	0	0	0
URS00006ED305_10116:rRNA:Rattus_norvegicus	5S-rRNA	0	0	2	0	0	0	0	0	0	0	2	0	4	0	0	0	0	7	3	0
URS0000706CA2_10116:rRNA:Rattus_norvegicus	5S-rRNA	0	0	7	0	0	0	2	0	0	0	0	21	22	0	2	0	4	21	0	2
URS000070C9A9_10116:rRNA:Rattus_norvegicus	5S-rRNA	0	0	0	0	0	0	0	0	0	0	1	2	0	1	0	0	7	7	0	1
URS0000715956_10116:rRNA:Rattus_norvegicus	5S-rRNA	0	0	0	0	0	0	0	2	36	0	2	0	0	0	0	0	1	8	1	0
URS000071E304_10116:rRNA:Rattus_norvegicus	5S-rRNA	0	0	0	0	0	0	0	0	0	0	0	0	1	0	0	0	1	4	7	0
URS0000925652_10116:rRNA:Rattus_norvegicus	NA	0	0	1	0	0	0	0	0	0	0	7	1	8	1	0	0	0	10	0	1
URS0000945F96_10116:rRNA:Rattus_norvegicus	NA	0	0	1	0	0	0	0	0	0	0	8	1	8	1	0	0	0	10	0	1
URS000096AFD3_10116:rRNA:Rattus_norvegicus	NA	0	0	0	0	0	0	0	0	0	0	5	1	8	1	0	0	0	10	0	1
URS000096F134_10116:rRNA:Rattus_norvegicus	NA	0	0	0	0	0	0	0	0	0	0	5	1	6	1	0	0	0	9	0	1
URS000098E2E1_10116:rRNA:Rattus_norvegicus	NA	0	0	5	0	2	0	0	0	0	0	28	5	4	2	0	0	1	5	0	0
URS0000A84965_10116:rRNA:Rattus_norvegicus	5S-rRNA	0	0	0	0	0	0	0	0	0	0	0	0	0	0	0	0	0	1	0	0
URS0000A88543_10116:rRNA:Rattus_norvegicus	5S-rRNA	0	0	0	0	0	0	0	0	0	0	1	2	4	1	0	0	7	7	0	1
URS0000A8E573_10116:rRNA:Rattus_norvegicus	5S-rRNA	0	0	0	0	0	0	0	0	0	0	0	0	0	0	0	0	0	0	0	0
URS0000A914DF_10116:rRNA:Rattus_norvegicus	5S-rRNA	0	0	3	0	0	0	0	0	0	0	0	2	2	0	0	0	2	2	0	2
URS0000A982BA_10116:rRNA:Rattus_norvegicus	5S-rRNA	0	0	0	0	0	0	0	0	0	0	0	0	0	0	0	0	0	1	0	0
URS0000A9D5F4_10116:rRNA:Rattus_norvegicus	5S-rRNA	0	0	0	0	0	0	0	0	0	0	0	0	0	0	0	0	0	0	0	0
URS0000AA58C4_10116:rRNA:Rattus_norvegicus	5S-rRNA	0	0	2	0	0	0	0	0	0	0	3	0	3	0	3	0	0	0	0	0
URS0000AA9C46_10116:rRNA:Rattus_norvegicus	5S-rRNA	0	0	1	0	0	0	0	2	0	0	0	9	14	0	0	0	5	10	2	3
URS0000AABD2B_10116:rRNA:Rattus_norvegicus	5S-rRNA	0	0	0	0	0	0	0	0	0	0	0	0	0	0	0	0	0	0	0	0
URS0000AAD956_10116:rRNA:Rattus_norvegicus	5S-rRNA	0	0	0	1	0	0	0	0	0	0	0	1	6	2	0	0	1	2	1	0
URS0000BA7C32_10116:rRNA:Rattus_norvegicus	12S-rRNA	0	0	1	0	0	0	0	0	0	0	0	0	0	0	0	0	0	0	0	0
URS0000C71B19_10116:rRNA:Rattus_norvegicus	NA	0	0	0	0	0	0	0	0	0	0	6	1	8	1	0	0	0	10	0	1
URS0000627DC5_10116:rRNA:Rattus_norvegicus	5S-rRNA	0	0	0	0	0	0	0	0	0	0	0	0	3	0	0	0	0	2	2	0
URS0000643BB9_10116:rRNA:Rattus_norvegicus	5S-rRNA	0	0	0	0	0	0	0	0	0	0	0	0	2	0	0	0	0	1	1	0
URS0000695688_10116:rRNA:Rattus_norvegicus	5S-rRNA	0	0	0	0	0	0	0	0	0	0	0	0	4	1	0	0	0	1	0	0
URS000069C4F1_10116:rRNA:Rattus_norvegicus	5S-rRNA	0	0	0	0	0	0	0	0	0	0	0	1	1	0	1	0	3	3	1	0
URS00006A00A5_10116:rRNA:Rattus_norvegicus	8S-rRNA	0	0	0	0	0	0	0	0	0	0	1	3	0	0	0	0	0	1	0	0
URS00006A9DC1_10116:rRNA:Rattus_norvegicus	5S-rRNA	0	0	0	0	2	0	0	2	0	0	0	35	19	6	2	0	11	22	2	0
URS00006B4522_10116:rRNA:Rattus_norvegicus	5S-rRNA	0	0	0	0	0	0	0	0	0	0	0	0	0	0	0	0	0	0	0	0
URS00006C9565_10116:rRNA:Rattus_norvegicus	5S-rRNA	0	0	0	0	0	0	0	0	0	0	0	0	6	7	2	0	0	2	0	0
URS00006E1233_10116:rRNA:Rattus_norvegicus	8S-rRNA	0	0	2	0	0	0	0	0	0	0	10	2	12	2	0	0	5	7	0	9
URS00006E7723_10116:rRNA:Rattus_norvegicus	8S-rRNA	0	0	1	0	0	0	0	1	0	0	5	1	3	1	1	0	1	2	0	2
URS0000705351_10116:rRNA:Rattus_norvegicus	8S-rRNA	0	0	2	2	0	0	0	0	4	0	0	0	0	0	0	0	0	2	0	0
URS00007235A2_10116:rRNA:Rattus_norvegicus	5S-rRNA	0	0	0	0	0	0	0	0	45	0	0	0	0	0	0	0	1	4	2	0
URS0000919FA2_10116:rRNA:Rattus_norvegicus	NA	0	0	0	0	0	0	0	0	0	0	0	0	1	0	0	0	0	0	0	0
URS0000925E15_10116:rRNA:Rattus_norvegicus	NA	0	0	1	0	0	0	0	0	1	0	8	0	2	0	0	0	0	0	0	0
URS00009A9989_10116:rRNA:Rattus_norvegicus	NA	0	0	0	0	0	0	3	0	0	0	0	0	2	0	0	0	0	0	0	0
URS0000A78AC8_10116:rRNA:Rattus_norvegicus	5S-rRNA	0	0	0	0	0	0	0	0	0	0	0	0	0	0	0	0	0	0	0	0
URS0000A8041B_10116:rRNA:Rattus_norvegicus	5S-rRNA	0	0	0	0	0	0	0	0	0	0	0	0	0	0	0	0	0	0	0	0
URS0000A80920_10116:rRNA:Rattus_norvegicus	5S-rRNA	0	0	0	0	0	0	0	0	0	0	0	0	4	0	0	0	0	1	1	0
URS0000A8C614_10116:rRNA:Rattus_norvegicus	5S-rRNA	0	0	0	0	0	0	0	0	0	0	0	0	1	0	0	0	0	0	0	0
URS0000A948D2_10116:rRNA:Rattus_norvegicus	5S-rRNA	0	0	0	0	0	0	0	0	0	0	0	0	0	0	0	0	0	0	0	0
URS0000AA67D0_10116:rRNA:Rattus_norvegicus	5S-rRNA	0	0	0	0	0	0	0	0	0	0	0	0	0	0	3	0	0	0	0	0
URS0000AA9862_10116:rRNA:Rattus_norvegicus	5S-rRNA	0	0	0	0	0	0	0	0	0	0	0	0	1	0	0	0	0	1	0	0
URS0000AAB200_10116:rRNA:Rattus_norvegicus	5S-rRNA	0	0	0	0	0	0	0	0	0	0	0	0	0	0	0	0	0	1	0	0
URS0000AAE707_10116:rRNA:Rattus_norvegicus	5S-rRNA	0	0	0	0	0	0	0	0	0	0	0	0	0	1	0	0	1	1	0	0
URS0000C06CBD_10116:rRNA:Rattus_norvegicus	NA	0	0	0	0	0	0	0	0	0	0	12	5	15	11	0	0	6	10	5	5
URS0000A76E17_10116:rRNA:Rattus_norvegicus	NA	0	0	0	0	0	0	0	0	0	0	0	0	2	0	0	0	0	0	0	0
URS0000AAC98C_10116:rRNA:Rattus_norvegicus	5S-rRNA	0	0	0	0	0	0	0	2	0	0	0	0	4	4	2	2	0	5	0	0
URS0000CCF283_10116:rRNA:Rattus_norvegicus	NA	0	0	0	0	0	0	0	0	0	0	0	0	1	0	0	0	0	4	0	0
URS00005C0CAB_10116:rRNA:Rattus_norvegicus	NA	0	0	0	0	0	0	0	0	0	0	1	0	0	0	0	0	0	3	0	0
URS0000637711_10116:rRNA:Rattus_norvegicus	5S-rRNA	0	0	0	0	0	0	0	0	0	0	1	0	0	0	0	0	1	1	0	1
URS0000665078_10116:rRNA:Rattus_norvegicus	8S-rRNA	0	0	0	0	0	1	0	0	0	1	5	0	2	2	1	0	0	0	0	0
URS00006684C0_10116:rRNA:Rattus_norvegicus	5S-rRNA	0	0	0	0	0	0	0	0	0	0	1	4	13	0	0	0	0	0	0	9
URS00006856F4_10116:rRNA:Rattus_norvegicus	5S-rRNA	0	0	0	0	0	0	0	0	0	0	0	0	0	0	0	0	0	0	1	0
URS00006A440B_10116:rRNA:Rattus_norvegicus	8S-rRNA	0	0	0	0	0	1	0	0	0	1	9	2	2	2	1	0	0	2	0	0
URS00006BEF1B_10116:rRNA:Rattus_norvegicus	5S-rRNA	0	0	0	0	0	0	0	0	0	0	0	0	5	0	0	0	0	0	0	0
URS00006FAA83_10116:rRNA:Rattus_norvegicus	5S-rRNA	0	0	0	0	0	0	0	0	0	0	4	0	3	0	0	0	0	5	2	2
URS000070DFE6_10116:rRNA:Rattus_norvegicus	5S-rRNA	0	0	0	0	0	2	0	0	0	0	11	3	4	2	0	0	0	7	0	0
URS000071D14F_10116:rRNA:Rattus_norvegicus	5S-rRNA	0	0	0	0	0	0	0	0	0	0	3	0	0	0	0	0	0	0	0	0
URS00008C6B45_10116:rRNA:Rattus_norvegicus	NA	0	0	0	0	0	0	0	0	0	0	2	0	0	0	0	0	0	0	0	0
URS0000907B2E_10116:rRNA:Rattus_norvegicus	NA	0	0	0	0	0	0	0	1	0	0	6	0	0	0	0	0	2	0	0	0
URS000092BC50_10116:rRNA:Rattus_norvegicus	NA	0	0	0	0	0	0	0	0	0	0	0	0	0	0	0	0	0	1	1	0
URS0000986015_10116:rRNA:Rattus_norvegicus	NA	0	0	0	0	0	0	0	2	0	0	7	9	3	2	4	0	0	7	0	12
URS0000A78952_10116:rRNA:Rattus_norvegicus	5S-rRNA	0	0	0	0	0	0	0	0	0	0	0	0	0	0	0	0	0	0	0	0
URS0000A7BE3D_10116:rRNA:Rattus_norvegicus	5S-rRNA	0	0	0	0	0	0	0	0	0	0	6	0	0	0	0	0	0	1	0	0
URS0000A8007B_10116:rRNA:Rattus_norvegicus	5S-rRNA	0	0	0	0	0	0	0	0	0	0	1	1	2	0	0	0	1	1	0	0
URS0000A87FBF_10116:rRNA:Rattus_norvegicus	5S-rRNA	0	0	0	0	0	0	0	0	0	0	1	0	1	0	0	0	0	0	0	0
URS0000A9AFC8_10116:rRNA:Rattus_norvegicus	5S-rRNA	0	0	0	0	0	0	0	0	0	0	2	0	0	0	0	0	0	0	0	2
URS0000A9BECF_10116:rRNA:Rattus_norvegicus	5S-rRNA	0	0	0	0	0	0	0	0	0	0	1	1	0	0	0	0	0	0	0	0
URS0000AA7DAD_10116:rRNA:Rattus_norvegicus	5S-rRNA	0	0	0	0	0	0	0	0	0	0	6	0	6	0	0	0	2	0	0	0
URS0000CD08D2_10116:rRNA:Rattus_norvegicus	NA	0	0	0	0	0	0	0	0	0	0	2	0	0	0	0	0	0	3	0	0
URS0000683A56_10116:rRNA:Rattus_norvegicus	5S-rRNA	0	0	0	0	0	1	0	0	0	0	0	4	0	2	0	0	2	8	0	0
URS00006B792C_10116:rRNA:Rattus_norvegicus	5S-rRNA	0	0	0	0	0	0	0	0	0	0	0	1	0	0	0	0	0	0	0	0
URS0000A8E224_10116:rRNA:Rattus_norvegicus	5S-rRNA	0	0	0	0	0	0	0	0	0	0	0	2	12	9	0	0	3	11	0	0
URS0000A8EA3E_10116:rRNA:Rattus_norvegicus	5S-rRNA	0	0	0	0	0	0	0	0	0	0	0	1	0	0	0	0	0	0	0	0
URS0000A90765_10116:rRNA:Rattus_norvegicus	5S-rRNA	0	0	0	0	0	0	0	0	0	0	0	2	5	0	0	0	0	0	0	2
URS0000AA65F9_10116:rRNA:Rattus_norvegicus	5S-rRNA	0	0	0	0	0	0	0	0	0	0	0	1	0	0	0	0	0	0	0	0
URS0000AA87F7_10116:rRNA:Rattus_norvegicus	5S-rRNA	0	0	0	0	0	0	0	0	0	0	0	1	0	0	0	0	0	0	0	0
URS0000CD097D_10116:rRNA:Rattus_norvegicus	NA	0	0	0	1	2	0	0	0	0	0	0	1	1	1	0	0	0	0	0	0
URS000072DAA6_10116:rRNA:Rattus_norvegicus	5S-rRNA	0	0	0	0	0	0	0	0	0	0	0	0	0	0	0	0	0	0	0	0
URS0000A9413C_10116:rRNA:Rattus_norvegicus	5S-rRNA	0	0	0	0	0	0	0	0	0	0	0	0	0	0	0	0	0	0	0	0
URS0000AA92E4_10116:rRNA:Rattus_norvegicus	5S-rRNA	0	0	0	0	0	0	0	0	0	0	0	0	2	0	0	0	0	1	0	0
URS0000AAD12E_10116:rRNA:Rattus_norvegicus	5S-rRNA	0	0	0	0	0	0	0	0	0	0	0	0	0	0	0	0	0	0	0	0
URS0000A8E191_10116:rRNA:Rattus_norvegicus	5S-rRNA	0	0	0	0	0	0	0	0	0	0	0	0	0	0	0	0	0	0	0	0
URS000065E048_10116:rRNA:Rattus_norvegicus	5S-rRNA	0	0	0	0	0	0	0	0	0	0	0	0	2	0	0	0	0	2	0	2
URS000068B916_10116:rRNA:Rattus_norvegicus	5S-rRNA	0	0	0	0	0	0	0	0	0	0	0	0	0	0	0	0	0	0	0	0
URS000068E827_10116:rRNA:Rattus_norvegicus	5S-rRNA	0	0	0	0	0	0	0	0	0	0	0	0	2	0	0	0	2	2	0	0
URS00006C4DCA_10116:rRNA:Rattus_norvegicus	5S-rRNA	0	0	0	0	0	0	0	0	0	0	0	0	0	0	0	0	0	1	0	0
URS00006E7DF7_10116:rRNA:Rattus_norvegicus	5S-rRNA	0	0	0	0	1	1	0	0	0	0	0	0	0	1	0	0	1	0	0	0
URS00006F803A_10116:rRNA:Rattus_norvegicus	5S-rRNA	0	0	0	0	0	0	0	0	0	0	0	0	0	0	0	0	0	0	0	0
URS0000A79BF8_10116:rRNA:Rattus_norvegicus	5S-rRNA	0	0	0	0	0	0	0	0	0	0	0	0	0	0	0	0	0	0	0	0
URS0000A8A3E9_10116:rRNA:Rattus_norvegicus	5S-rRNA	0	0	0	0	0	0	0	0	0	0	0	0	0	0	0	0	0	0	0	0
URS0000A9B2DF_10116:rRNA:Rattus_norvegicus	5S-rRNA	0	0	0	0	0	0	0	0	0	0	0	0	0	0	0	0	0	0	0	0
URS0000AA4FCE_10116:rRNA:Rattus_norvegicus	5S-rRNA	0	0	0	0	0	0	0	0	0	0	0	0	0	0	0	0	0	2	0	0
URS00005988FB_10116:rRNA:Rattus_norvegicus	18S-rRNA	0	0	0	0	0	0	0	0	0	0	0	0	0	0	0	0	0	0	0	0
URS000062A51C_10116:rRNA:Rattus_norvegicus	5S-rRNA	0	0	0	0	0	0	0	0	0	0	0	0	0	0	0	0	5	5	0	0
URS0000635C2A_10116:rRNA:Rattus_norvegicus	5S-rRNA	0	0	0	0	0	0	0	0	0	0	0	0	5	2	0	0	0	5	0	0
URS00006B6798_10116:rRNA:Rattus_norvegicus	5S-rRNA	0	0	0	0	0	0	0	0	0	0	0	0	0	0	0	0	0	0	0	0
URS00006F2F3A_10116:rRNA:Rattus_norvegicus	5S-rRNA	0	0	0	0	0	0	0	0	0	0	0	0	0	0	0	0	0	0	2	0
URS00007131E0_10116:rRNA:Rattus_norvegicus	5S-rRNA	0	0	0	0	0	0	0	0	0	0	0	0	0	0	0	0	0	0	0	0
URS0000A7DFF6_10116:rRNA:Rattus_norvegicus	5S-rRNA	0	0	0	0	0	0	0	0	0	0	0	0	0	0	0	0	0	0	0	0
URS0000A867B3_10116:rRNA:Rattus_norvegicus	5S-rRNA	0	0	0	0	0	0	0	0	0	0	0	0	0	0	0	0	0	0	0	0
URS0000A96220_10116:rRNA:Rattus_norvegicus	5S-rRNA	0	0	0	0	0	0	0	0	0	0	0	0	0	0	0	0	0	0	0	0
URS0000A9F54D_10116:rRNA:Rattus_norvegicus	5S-rRNA	0	0	0	0	0	0	0	0	0	0	0	0	1	0	0	0	0	0	0	0
URS0000AA207D_10116:rRNA:Rattus_norvegicus	5S-rRNA	0	0	0	0	0	0	0	0	0	0	0	0	0	0	0	0	0	2	0	0
URS00006BC3EE_10116:rRNA:Rattus_norvegicus	5S-rRNA	0	0	0	0	0	0	0	0	0	0	0	0	0	0	0	0	0	0	0	0
URS00006E87D1_10116:rRNA:Rattus_norvegicus	5S-rRNA	0	0	0	0	0	0	0	0	0	0	0	0	0	1	0	0	0	0	0	0
URS0000A83360_10116:rRNA:Rattus_norvegicus	5S-rRNA	0	0	0	0	0	0	0	0	0	0	0	0	0	0	0	0	0	0	0	0
URS0000AA85EE_10116:rRNA:Rattus_norvegicus	5S-rRNA	0	0	0	0	0	0	0	0	0	0	0	0	0	0	0	0	0	0	0	0
URS0000AAEC73_10116:rRNA:Rattus_norvegicus	5S-rRNA	0	0	0	0	0	0	0	0	0	0	0	0	0	1	0	0	0	0	0	0
URS00006B2358_10116:rRNA:Rattus_norvegicus	5S-rRNA	0	0	0	0	0	0	0	0	0	0	0	0	0	0	0	0	0	0	0	0
URS0000A90B48_10116:rRNA:Rattus_norvegicus	5S-rRNA	0	0	0	0	0	0	0	0	0	0	0	0	0	0	0	0	2	0	0	0
URS0000AB0D86_10116:rRNA:Rattus_norvegicus	5S-rRNA	0	0	0	0	0	0	0	0	0	0	0	0	0	0	0	0	0	2	0	0
URS0000712292_10116:rRNA:Rattus_norvegicus	8S-rRNA	0	0	0	0	0	0	0	0	0	0	0	0	0	0	0	0	0	0	0	0
URS0000A36A41_10116:rRNA:Rattus_norvegicus	16S-rRNA	0	0	0	0	0	0	0	0	0	0	0	0	0	0	0	0	0	0	0	0
URS0000A7880E_10116:rRNA:Rattus_norvegicus	5S-rRNA	0	0	0	0	0	0	0	0	0	0	0	0	0	0	0	0	0	0	0	0
URS0000A7FA9C_10116:rRNA:Rattus_norvegicus	5S-rRNA	0	0	0	0	0	0	0	0	0	0	0	0	0	0	0	0	0	0	0	0
URS0000A83985_10116:rRNA:Rattus_norvegicus	5S-rRNA	0	0	0	0	0	0	0	0	0	0	0	0	0	0	0	0	0	0	0	0
URS0000A8D97B_10116:rRNA:Rattus_norvegicus	5S-rRNA	0	0	0	0	0	0	0	0	0	0	0	0	0	0	0	0	0	0	0	0
URS0000A92D37_10116:rRNA:Rattus_norvegicus	5S-rRNA	0	0	0	0	0	0	0	0	0	0	0	0	0	0	0	0	0	0	0	0
URS0000A9DC3D_10116:rRNA:Rattus_norvegicus	5S-rRNA	0	0	0	0	0	0	0	0	0	0	0	0	0	0	0	0	0	0	0	0
URS0000A9FAAF_10116:rRNA:Rattus_norvegicus	5S-rRNA	0	0	0	0	0	0	0	0	0	0	0	0	0	0	0	0	0	0	0	0
URS0000AA84AB_10116:rRNA:Rattus_norvegicus	5S-rRNA	0	0	0	0	0	0	0	0	0	0	0	0	0	0	0	0	0	0	0	0
URS0000AA4E49_10116:rRNA:Rattus_norvegicus	5S-rRNA	0	0	0	0	0	0	0	0	0	0	0	0	0	0	0	0	0	0	0	0
URS0000AA1E1E_10116:rRNA:Rattus_norvegicus	5S-rRNA	0	0	0	0	0	0	0	0	0	0	0	0	0	0	0	0	0	0	0	0
URS0000AAC201_10116:rRNA:Rattus_norvegicus	5S-rRNA	0	0	0	0	0	0	0	0	0	0	0	0	0	0	0	0	0	0	0	0
URS00006D1611_10116:rRNA:Rattus_norvegicus	5S-rRNA	0	0	0	0	0	0	0	0	0	0	0	0	0	0	0	0	0	1	0	0
URS0000A79221_10116:rRNA:Rattus_norvegicus	5S-rRNA	0	0	0	0	0	0	0	0	0	0	0	0	0	0	0	0	0	0	0	0
URS0000A9409C_10116:rRNA:Rattus_norvegicus	5S-rRNA	0	0	0	0	0	0	0	0	0	0	0	0	0	0	0	0	0	0	0	0
URS0000AA3E90_10116:rRNA:Rattus_norvegicus	5S-rRNA	0	0	0	0	0	0	0	0	0	0	0	0	0	0	0	0	0	0	0	0
URS0000AA7F45_10116:rRNA:Rattus_norvegicus	5S-rRNA	0	0	0	0	0	0	0	0	0	0	0	0	0	0	0	0	0	0	0	0
URS0000AAF052_10116:rRNA:Rattus_norvegicus	5S-rRNA	0	0	0	0	0	0	0	0	0	0	0	0	0	0	0	0	0	0	0	0
URS00006817B4_10116:rRNA:Rattus_norvegicus	5S-rRNA	0	0	0	0	0	0	0	0	0	0	0	0	0	0	0	0	0	1	0	0
URS0000A85A5A_10116:rRNA:Rattus_norvegicus	5S-rRNA	0	0	0	0	0	0	0	0	0	0	0	0	0	0	0	0	0	0	0	0
URS000063B5A2_10116:rRNA:Rattus_norvegicus	5S-rRNA	0	0	0	0	0	0	0	0	0	0	0	0	0	0	0	0	1	0	0	0
URS000067DC6B_10116:rRNA:Rattus_norvegicus	5S-rRNA	0	0	0	0	0	0	0	0	0	0	0	0	0	0	0	0	1	0	0	0
URS0000920ADA_10116:rRNA:Rattus_norvegicus	5S-rRNA	0	0	0	0	0	0	0	0	0	0	0	0	0	0	0	0	3	0	0	0
URS0000A783EB_10116:rRNA:Rattus_norvegicus	5S-rRNA	0	0	0	0	0	0	0	0	0	0	0	0	0	0	0	0	1	0	0	0
URS0000AAEAA5_10116:rRNA:Rattus_norvegicus	5S-rRNA	0	0	0	0	0	0	0	0	0	0	0	0	0	0	0	0	1	0	0	0
URS000062E11D_10116:rRNA:Rattus_norvegicus	5S-rRNA	0	0	0	0	0	0	0	0	0	0	0	0	0	0	0	0	0	1	0	0
URS0000A89516_10116:rRNA:Rattus_norvegicus	5S-rRNA	0	0	0	0	0	0	0	0	0	0	0	0	0	0	0	0	0	1	0	0
URS0000946879_10116:rRNA:Rattus_norvegicus	5S-rRNA	0	0	0	0	0	0	0	0	0	0	0	0	0	0	0	0	0	0	0	0
URS0000A83344_10116:rRNA:Rattus_norvegicus	5S-rRNA	0	0	0	0	0	0	0	0	0	0	0	0	0	0	0	0	0	0	0	0
URS0000A9F98A_10116:rRNA:Rattus_norvegicus	5S-rRNA	0	0	0	0	0	0	0	0	0	0	0	0	0	0	0	0	0	0	0	0
URS0000AA96DC_10116:rRNA:Rattus_norvegicus	5S-rRNA	0	0	0	0	0	0	0	0	0	0	0	0	0	0	0	0	0	0	0	0
URS0000AB1063_10116:rRNA:Rattus_norvegicus	5S-rRNA	0	0	0	0	0	0	0	0	0	0	0	0	0	0	0	0	0	0	0	0
URS000071C567_10116:rRNA:Rattus_norvegicus	5S-rRNA	0	0	0	0	0	0	0	0	0	0	0	0	0	0	0	0	0	0	2	0
